Assemblies	penguin	megahit	metaspades	rnaspades	rnaviralspades	savage	iva	vicuna	haploflow	Cov	metaviralspades
HIV1.cut.id_A04321.1	4819.28	-	-	-	-	-	-	3789.73	-	1	-
HIV1.cut.id_A07108.1	-	-	-	-	-	-	-	-	-	1	-
HIV1.cut.id_A07116.1	0.0	-	-	-	4466.02	-	-	-	-	1	-
HIV1.cut.id_A07867.1	707.96	-	-	-	-	-	-	-	-	1	-
HIV1.cut.id_A14116.1	0.0	1827.24	-	-	-	-	-	-	-	1	-
HIV1.cut.id_A34828.1	-	-	-	-	-	-	-	-	-	1	-
HIV1.cut.id_AB023804.1	4075.43	-	-	-	-	-	-	-	-	1	-
HIV1.cut.id_AB032740.1	1782.53	-	-	-	-	-	-	-	-	1	-
HIV1.cut.id_AB032741.1	-	-	-	-	-	-	-	2380.95	-	1	-
HIV1.cut.id_AB049811.1	3289.47	-	-	-	-	-	-	-	-	1	-
HIV1.cut.id_AB052867.1	-	-	-	-	-	-	-	-	-	1	-
HIV1.cut.id_AB052995.1	3427.77	-	-	-	-	-	-	2274.02	-	1	-
HIV1.cut.id_AB070352.1	340.14	-	-	4510.11	-	-	-	-	-	1	-
HIV1.cut.id_AB070353.1	2015.11	-	-	2110.63	-	-	-	-	-	1	-
HIV1.cut.id_AB078005.1	-	-	-	-	-	-	-	-	-	1	-
HIV1.cut.id_AB097865.1	-	-	-	-	-	-	-	-	-	1	-
HIV1.cut.id_AB097866.1	4568.53	-	-	-	-	-	-	-	-	1	-
HIV1.cut.id_AB097867.1	4173.11	-	-	-	-	-	-	-	-	1	-
HIV1.cut.id_AB097868.1	2374.17	-	-	-	-	-	-	-	-	1	-
HIV1.cut.id_AB097869.1	-	-	-	-	-	-	-	-	-	1	-
HIV1.cut.id_AB097870.1	-	-	-	-	-	-	-	-	-	1	-
HIV1.cut.id_AB097871.1	-	-	-	-	-	-	-	-	-	1	-
HIV1.cut.id_AB097872.1	2096.27	1662.97	-	-	-	-	-	-	-	1	-
HIV1.cut.id_AB097873.1	-	-	-	-	-	-	-	-	-	1	-
HIV1.cut.id_AB098330.1	3375.53	-	-	-	-	-	-	-	-	1	-
HIV1.cut.id_AB098331.1	-	-	-	-	-	-	-	-	-	1	-
HIV1.cut.id_AB098332.1	3327.5	-	-	-	-	-	-	-	-	1	-
HIV1.cut.id_AB098333.1	0.0	-	-	-	-	-	-	-	-	1	-
HIV1.cut.id_AB220944.1	-	-	-	-	-	-	-	-	-	1	-
HIV1.cut.id_AB220945.1	3681.89	-	-	-	-	-	-	-	-	1	-
HIV1.cut.id_AB220946.1	3112.38	-	-	1637.28	-	-	-	-	-	1	-
HIV1.cut.id_AB220947.1	4695.65	-	-	-	-	-	-	-	-	1	-
HIV1.cut.id_AB220948.1	5292.6	-	-	-	-	-	-	-	-	1	-
HIV1.cut.id_AB221005.1	1378.12	-	-	-	-	-	-	-	-	1	-
HIV1.cut.id_AB221125.1	0.0	-	-	-	-	-	-	-	-	1	-
HIV1.cut.id_AB221126.1	449.35	-	-	4166.67	-	-	-	-	-	1	-
HIV1.cut.id_AB231893.1	-	-	-	-	-	-	-	-	-	1	-
HIV1.cut.id_AB231894.1	-	-	-	-	-	-	-	-	-	1	-
HIV1.cut.id_AB231895.1	-	-	-	-	-	-	-	-	-	1	-
HIV1.cut.id_AB231896.1	-	-	-	-	-	-	-	-	-	1	-
HIV1.cut.id_AB231897.1	-	-	-	-	-	-	-	-	-	1	-
HIV1.cut.id_AB231898.1	483.56	-	-	-	-	-	-	-	-	1	-
HIV1.cut.id_AB253421.1	4079.21	-	-	-	-	-	-	-	-	1	-
HIV1.cut.id_AB253422.1	1742.42	-	-	-	-	-	-	-	-	1	-
HIV1.cut.id_AB253423.1	1674.55	-	-	-	-	-	-	-	-	1	-
HIV1.cut.id_AB253424.1	6515.33	-	-	1623.89	-	-	-	-	-	1	-
HIV1.cut.id_AB253425.1	3061.22	-	-	4474.58	-	-	-	-	-	1	-
HIV1.cut.id_AB253426.1	-	-	-	-	-	-	-	-	-	1	-
HIV1.cut.id_AB253427.1	-	-	-	-	-	-	-	-	-	1	-
HIV1.cut.id_AB253428.1	4154.3	-	-	-	-	-	-	-	-	1	-
HIV1.cut.id_AB253429.1	1011.49	-	-	12979.35	-	-	-	-	-	1	-
HIV1.cut.id_AB253430.1	1158.94	-	-	-	-	-	-	-	-	1	-
HIV1.cut.id_AB253431.1	1021.57	-	-	-	-	-	-	-	-	1	-
HIV1.cut.id_AB253432.1	-	-	-	-	-	-	-	-	-	1	-
HIV1.cut.id_AB253635.1	3641.88	-	-	-	-	-	-	-	-	1	-
HIV1.cut.id_AB253636.1	782.78	-	-	-	-	-	-	-	-	1	-
HIV1.cut.id_AB253637.1	1187.13	-	-	-	-	-	-	-	-	1	-
HIV1.cut.id_AB253638.1	-	-	-	-	-	-	-	-	-	1	-
HIV1.cut.id_AB253639.1	2162.46	-	-	-	-	-	-	-	-	1	-
HIV1.cut.id_AB253640.1	2982.22	-	-	-	-	-	-	-	-	1	-
HIV1.cut.id_AB253641.1	-	-	-	680.74	-	-	-	-	-	1	-
HIV1.cut.id_AB253642.1	3010.15	-	-	-	-	-	-	-	-	1	-
HIV1.cut.id_AB253643.1	840.34	-	-	-	-	-	-	-	-	1	-
HIV1.cut.id_AB253644.1	2317.07	-	-	2036.95	-	-	-	-	-	1	-
HIV1.cut.id_AB253645.1	3530.7	-	-	-	-	-	-	-	-	1	-
HIV1.cut.id_AB253646.1	1309.75	-	-	-	-	-	-	-	-	1	-
HIV1.cut.id_AB253647.1	-	-	-	-	-	-	-	-	-	1	-
HIV1.cut.id_AB253648.1	498.16	-	-	-	-	-	-	-	-	1	-
HIV1.cut.id_AB253649.1	3915.76	-	-	2400.96	-	-	-	-	-	1	-
HIV1.cut.id_AB253650.1	1631.48	-	-	-	-	-	-	-	-	1	-
HIV1.cut.id_AB253651.1	2088.58	-	-	-	-	-	-	-	-	1	-
HIV1.cut.id_AB253652.1	3828.01	-	-	-	-	-	-	-	-	1	-
HIV1.cut.id_AB253653.1	3078.74	-	-	-	-	-	-	-	-	1	-
HIV1.cut.id_AB253654.1	-	504.03	-	-	-	-	-	4123.71	-	1	-
HIV1.cut.id_AB253655.1	299.48	-	-	596.53	-	-	-	-	-	1	-
HIV1.cut.id_AB253656.1	-	-	-	-	-	-	-	-	-	1	-
HIV1.cut.id_AB253657.1	-	-	-	-	-	-	-	-	-	1	-
HIV1.cut.id_AB253658.1	-	-	-	-	-	-	-	-	-	1	-
HIV1.cut.id_AB253659.1	2333.27	-	-	-	-	-	-	-	-	1	-
HIV1.cut.id_AB253660.1	3473.13	-	-	947.42	-	-	-	-	-	1	-
HIV1.cut.id_AB253661.1	2846.65	-	-	5469.39	-	-	-	-	-	1	-
HIV1.cut.id_AB253662.1	8152.06	-	-	1521.44	-	-	-	-	-	1	-
HIV1.cut.id_AB253663.1	1361.52	-	-	-	-	-	-	-	-	1	-
HIV1.cut.id_AB253664.1	-	-	-	-	-	-	-	-	-	1	-
HIV1.cut.id_AB253665.1	1961.26	-	-	-	-	-	-	-	-	1	-
HIV1.cut.id_AB253666.1	4445.17	-	-	506.51	-	-	-	-	-	1	-
HIV1.cut.id_AB253667.1	2968.27	-	-	-	-	-	-	-	-	1	-
HIV1.cut.id_AB253668.1	2052.04	-	-	2026.05	-	-	-	-	-	1	-
HIV1.cut.id_AB253669.1	1089.05	-	-	-	-	-	-	-	-	1	-
HIV1.cut.id_AB253670.1	1226.48	-	-	-	-	-	-	-	-	1	-
HIV1.cut.id_AB253671.1	1207.83	-	-	-	-	-	-	-	-	1	-
HIV1.cut.id_AB253672.1	-	-	-	-	-	-	-	-	-	1	-
HIV1.cut.id_AB253673.1	-	-	-	-	-	-	-	-	-	1	-
HIV1.cut.id_AB253674.1	-	-	-	-	-	-	-	-	-	1	-
HIV1.cut.id_AB253675.1	2690.82	-	-	-	-	-	-	-	-	1	-
HIV1.cut.id_AB253676.1	-	-	-	-	-	-	-	-	-	1	-
HIV1.cut.id_AB253677.1	1905.43	-	-	-	-	0.0	-	-	-	1	-
HIV1.cut.id_AB253678.1	-	-	-	-	-	-	-	-	-	1	-
HIV1.cut.id_AB253679.1	-	-	-	-	-	-	-	-	-	1	-
HIV1.cut.id_AB253680.1	-	-	-	-	-	-	-	-	-	1	-
HIV1.cut.id_AB253681.1	1246.29	-	-	-	-	-	-	-	-	1	-
HIV1.cut.id_AB253682.1	6113.54	-	-	6661.25	-	-	-	-	-	1	-
HIV1.cut.id_AB253683.1	3563.37	-	-	-	-	-	-	-	-	1	-
HIV1.cut.id_AB253684.1	-	-	-	-	-	-	-	-	-	1	-
HIV1.cut.id_AB253685.1	3935.11	-	-	2259.33	-	-	-	-	-	1	-
HIV1.cut.id_AB253686.1	1356.17	-	-	-	-	-	-	-	-	1	-
HIV1.cut.id_AB253687.1	1499.61	-	-	10894.7	-	-	-	-	-	1	-
HIV1.cut.id_AB253688.1	2034.06	-	-	-	-	-	-	-	-	1	-
HIV1.cut.id_AB253689.1	4472.66	-	-	-	-	-	-	-	-	1	-
HIV1.cut.id_AB253690.1	1887.58	-	-	-	-	-	-	-	-	1	-
HIV1.cut.id_AB253691.1	2982.46	-	-	-	-	-	-	-	-	1	-
HIV1.cut.id_AB253692.1	1588.25	-	-	-	-	-	-	-	-	1	-
HIV1.cut.id_AB253693.1	1158.04	-	-	-	-	-	-	-	-	1	-
HIV1.cut.id_AB253694.1	2283.93	-	-	-	-	-	-	-	-	1	-
HIV1.cut.id_AB253695.1	-	-	-	-	-	-	-	-	-	1	-
HIV1.cut.id_AB253696.1	894.76	-	-	2884.91	-	-	-	-	-	1	-
HIV1.cut.id_AB253697.1	-	-	-	-	-	-	-	-	-	1	-
HIV1.cut.id_AB253698.1	4808.89	-	-	-	-	-	-	-	-	1	-
HIV1.cut.id_AB253699.1	-	-	-	504.63	-	-	-	-	-	1	-
HIV1.cut.id_AB253700.1	2615.98	-	-	1155.56	-	-	-	-	-	1	-
HIV1.cut.id_AB253701.1	1288.54	-	-	1938.47	-	-	-	-	-	1	-
HIV1.cut.id_AB253702.1	575.18	-	-	2026.72	-	-	-	-	-	1	-
HIV1.cut.id_AB253703.1	2019.68	-	-	-	-	-	-	-	-	1	-
HIV1.cut.id_AB253704.1	1309.33	-	-	-	-	-	-	-	-	1	-
HIV1.cut.id_AB253705.1	351.8	-	-	2566.79	-	-	-	-	-	1	-
HIV1.cut.id_AB253706.1	2124.83	-	-	-	-	-	-	-	-	1	-
HIV1.cut.id_AB253707.1	1673.56	-	-	-	-	-	-	-	-	1	-
HIV1.cut.id_AB253708.1	-	-	-	-	-	-	-	-	-	1	-
HIV1.cut.id_AB253709.1	2608.39	-	-	-	-	-	-	-	-	1	-
HIV1.cut.id_AB253710.1	2278.97	-	-	-	-	-	-	-	-	1	-
HIV1.cut.id_AB253711.1	-	-	-	-	-	-	-	-	-	1	-
HIV1.cut.id_AB253712.1	-	-	-	-	-	-	-	-	-	1	-
HIV1.cut.id_AB253713.1	1812.3	-	-	-	-	-	-	-	-	1	-
HIV1.cut.id_AB253714.1	2574.58	-	-	-	-	-	-	-	-	1	-
HIV1.cut.id_AB253715.1	-	-	-	-	-	-	-	-	-	1	-
HIV1.cut.id_AB253716.1	-	-	-	-	-	-	-	-	-	1	-
HIV1.cut.id_AB253717.1	2887.84	-	-	-	-	-	-	-	-	1	-
HIV1.cut.id_AB253718.1	-	-	-	-	-	-	-	-	-	1	-
HIV1.cut.id_AB253719.1	-	-	-	-	-	-	-	-	-	1	-
HIV1.cut.id_AB253720.1	-	-	-	-	-	-	-	-	-	1	-
HIV1.cut.id_AB253721.1	2347.78	-	-	-	-	-	-	-	-	1	-
HIV1.cut.id_AB253722.1	-	-	-	1249.32	-	-	-	-	-	1	-
HIV1.cut.id_AB253723.1	-	-	-	-	-	-	-	-	-	1	-
HIV1.cut.id_AB253724.1	4133.3	-	-	-	-	-	-	-	-	1	-
HIV1.cut.id_AB253725.1	4545.45	-	-	-	-	-	-	-	-	1	-
HIV1.cut.id_AB254141.1	2574.26	-	-	-	-	-	-	-	-	1	-
HIV1.cut.id_AB254142.1	-	-	-	-	-	-	-	-	-	1	-
HIV1.cut.id_AB254143.1	-	2481.62	-	-	-	-	-	-	-	1	-
HIV1.cut.id_AB254144.1	1083.4	-	-	-	-	-	-	-	-	1	-
HIV1.cut.id_AB254145.1	3342.43	-	-	-	-	-	-	-	-	1	-
HIV1.cut.id_AB254146.1	2177.55	4096.83	-	-	-	-	-	-	-	1	-
HIV1.cut.id_AB254147.1	2888.09	-	-	2911.65	-	-	-	-	-	1	-
HIV1.cut.id_AB254148.1	3264.6	-	-	1071.43	-	-	-	-	-	1	-
HIV1.cut.id_AB254149.1	-	-	-	-	-	-	-	-	-	1	-
HIV1.cut.id_AB254150.1	1528.57	1622.14	-	1910.51	0.0	-	-	-	-	1	-
HIV1.cut.id_AB254151.1	2051.17	-	-	-	-	-	-	-	-	1	-
HIV1.cut.id_AB254152.1	1992.31	1526.72	-	-	-	-	-	-	-	1	-
HIV1.cut.id_AB254153.2	1851.25	-	-	-	-	-	-	-	-	1	-
HIV1.cut.id_AB254154.1	2677.87	-	-	442.09	316.21	-	-	-	-	1	-
HIV1.cut.id_AB254155.1	-	-	-	-	-	-	-	-	-	1	-
HIV1.cut.id_AB254156.1	-	-	-	-	-	-	-	-	-	1	-
HIV1.cut.id_AB286849.1	-	-	-	-	-	-	-	-	-	1	-
HIV1.cut.id_AB286850.1	0.0	-	-	-	-	-	-	-	-	1	-
HIV1.cut.id_AB286851.1	723.33	-	-	-	-	-	-	-	-	1	-
HIV1.cut.id_AB286852.1	0.0	-	-	-	-	-	-	-	-	1	-
HIV1.cut.id_AB286853.1	777.68	-	-	-	-	-	-	-	-	1	-
HIV1.cut.id_AB286854.1	2715.55	-	-	-	-	-	-	-	-	1	-
HIV1.cut.id_AB286855.1	1102.11	-	-	93.02	-	-	-	-	-	1	-
HIV1.cut.id_AB286856.1	0.0	-	-	-	-	-	-	-	-	1	-
HIV1.cut.id_AB286857.1	2180.94	-	-	-	-	-	-	-	-	1	-
HIV1.cut.id_AB286858.1	1331.27	-	-	-	-	-	-	-	-	1	-
HIV1.cut.id_AB286859.1	2347.55	-	-	-	-	-	-	-	-	1	-
HIV1.cut.id_AB286860.1	625.65	-	-	-	-	-	-	-	-	1	-
HIV1.cut.id_AB286861.1	-	-	-	357.14	-	-	-	-	-	1	-
HIV1.cut.id_AB286862.1	1571.16	-	-	-	-	-	-	-	-	1	-
HIV1.cut.id_AB286863.1	2798.26	-	-	3507.99	-	-	-	-	-	1	-
HIV1.cut.id_AB286864.1	2042.42	-	-	-	-	-	-	-	-	1	-
HIV1.cut.id_AB286955.1	-	-	-	-	-	-	-	-	-	1	-
HIV1.cut.id_AB286956.1	1345.72	-	-	-	-	-	-	-	-	1	-
HIV1.cut.id_AB287003.1	3191.9	-	-	-	-	-	-	-	-	1	-
HIV1.cut.id_AB287004.1	-	-	889.33	791.56	-	-	-	-	-	1	-
HIV1.cut.id_AB287363.1	573.07	-	-	-	-	-	-	-	-	1	-
HIV1.cut.id_AB287364.1	-	-	-	-	-	-	-	-	-	1	-
HIV1.cut.id_AB287365.1	-	-	-	-	-	-	-	-	-	1	-
HIV1.cut.id_AB287366.1	-	-	-	-	-	-	-	-	-	1	-
HIV1.cut.id_AB287367.1	2037.67	-	-	-	-	-	-	-	-	1	-
HIV1.cut.id_AB287368.1	-	-	-	-	-	-	-	-	-	1	-
HIV1.cut.id_AB287369.1	1017.29	-	-	-	-	-	-	-	-	1	-
HIV1.cut.id_AB287370.1	3463.2	-	-	2231.79	-	-	-	-	-	1	-
HIV1.cut.id_AB287371.1	172.22	-	-	-	-	-	-	-	-	1	-
HIV1.cut.id_AB287372.1	1142.86	-	-	-	-	-	-	-	-	1	-
HIV1.cut.id_AB287376.1	2531.65	-	-	-	-	-	-	-	-	1	-
HIV1.cut.id_AB287377.1	-	-	-	-	1988.64	-	-	-	-	1	-
HIV1.cut.id_AB287378.1	-	-	-	2557.54	-	-	-	-	-	1	-
HIV1.cut.id_AB287379.1	1176.47	-	-	-	-	-	-	-	-	1	-
HIV1.cut.id_AB289587.1	2010.72	4854.37	-	-	-	-	-	-	-	1	-
HIV1.cut.id_AB289588.1	694.44	-	-	-	-	-	-	-	-	1	-
HIV1.cut.id_AB289589.1	3517.0	-	-	-	-	-	-	-	-	1	-
HIV1.cut.id_AB289590.1	783.7	-	-	-	-	-	-	-	-	1	-
HIV1.cut.id_AB428551.1	2735.85	-	-	-	-	-	-	-	-	1	-
HIV1.cut.id_AB428552.1	-	-	-	-	-	-	-	-	-	1	-
HIV1.cut.id_AB428553.1	2828.33	-	-	1142.86	-	-	-	-	-	1	-
HIV1.cut.id_AB428554.1	2510.76	-	-	-	-	-	-	-	-	1	-
HIV1.cut.id_AB428555.1	-	-	-	-	-	-	-	-	-	1	-
HIV1.cut.id_AB428556.1	-	-	-	-	-	-	-	-	-	1	-
HIV1.cut.id_AB428557.1	-	-	-	-	-	-	-	-	-	1	-
HIV1.cut.id_AB428558.1	-	-	-	-	-	-	-	-	-	1	-
HIV1.cut.id_AB428559.1	1890.85	-	-	-	-	-	-	-	-	1	-
HIV1.cut.id_AB428560.1	-	-	-	1279.53	-	-	-	-	-	1	-
HIV1.cut.id_AB428561.1	-	-	-	4878.05	-	-	-	-	-	1	-
HIV1.cut.id_AB428562.1	2222.22	-	-	-	-	-	-	-	-	1	-
HIV1.cut.id_AB480044.1	0.0	-	-	-	-	-	-	-	-	1	-
HIV1.cut.id_AB480045.1	1079.04	-	-	-	-	-	-	-	-	1	-
HIV1.cut.id_AB480046.1	770.63	-	-	-	-	-	-	-	-	1	-
HIV1.cut.id_AB480047.1	3564.36	-	-	-	-	-	-	-	-	1	-
HIV1.cut.id_AB480048.1	4871.32	-	-	3534.48	-	-	-	-	-	1	-
HIV1.cut.id_AB480298.1	2490.55	-	-	440.85	-	-	-	-	-	1	-
HIV1.cut.id_AB480299.1	-	-	-	-	-	-	-	-	-	1	-
HIV1.cut.id_AB480300.1	2147.53	-	-	1620.75	-	-	-	-	-	1	-
HIV1.cut.id_AB480301.1	-	-	-	1540.83	-	-	-	-	-	1	-
HIV1.cut.id_AB480692.1	1816.53	-	-	-	-	-	-	-	-	1	-
HIV1.cut.id_AB480693.1	2650.43	-	-	-	-	-	-	-	-	1	-
HIV1.cut.id_AB480694.1	643.09	-	-	-	-	-	-	-	-	1	-
HIV1.cut.id_AB480695.1	3873.93	-	-	-	-	-	-	-	-	1	-
HIV1.cut.id_AB480696.1	4376.78	-	-	-	-	-	-	-	-	1	-
HIV1.cut.id_AB480697.1	1401.87	-	-	-	-	-	-	-	-	1	-
HIV1.cut.id_AB480698.1	-	-	-	-	-	-	-	-	-	1	-
HIV1.cut.id_AB485632.1	1871.66	-	-	-	-	-	-	-	-	1	-
HIV1.cut.id_AB485633.1	-	-	-	-	-	-	-	-	-	1	-
HIV1.cut.id_AB485634.1	2409.64	-	-	-	-	-	-	-	-	1	-
HIV1.cut.id_AB485635.1	1049.8	-	-	-	-	-	-	-	-	1	-
HIV1.cut.id_AB485636.1	-	-	-	-	-	-	-	-	-	1	-
HIV1.cut.id_AB485637.1	-	-	-	-	-	-	-	-	-	1	-
HIV1.cut.id_AB485638.1	-	-	-	-	-	-	-	-	-	1	-
HIV1.cut.id_AB485639.1	3309.07	-	-	-	-	-	-	-	-	1	-
HIV1.cut.id_AB485640.1	393.46	-	-	-	-	-	-	-	-	1	-
HIV1.cut.id_AB485641.1	-	-	-	-	-	-	-	-	-	1	-
HIV1.cut.id_AB485642.1	-	-	-	-	-	-	-	-	-	1	-
HIV1.cut.id_AB485643.1	5146.65	-	-	-	-	-	-	-	-	1	-
HIV1.cut.id_AB485644.1	2370.07	2272.73	-	-	-	-	-	-	-	1	-
HIV1.cut.id_AB485645.1	4268.29	-	-	-	-	-	-	-	-	1	-
HIV1.cut.id_AB485646.1	2000.57	-	-	-	-	-	-	-	-	1	-
HIV1.cut.id_AB485647.1	-	-	-	-	-	-	-	-	-	1	-
HIV1.cut.id_AB485648.1	-	-	-	-	-	-	-	-	-	1	-
HIV1.cut.id_AB485649.1	4111.11	-	-	-	-	-	-	-	-	1	-
HIV1.cut.id_AB485650.1	1702.33	-	-	-	-	-	-	-	-	1	-
HIV1.cut.id_AB485651.1	923.36	-	-	-	-	-	-	-	-	1	-
HIV1.cut.id_AB485652.1	3731.34	-	-	-	-	-	-	-	-	1	-
HIV1.cut.id_AB485653.1	954.65	-	-	-	-	-	-	-	-	1	-
HIV1.cut.id_AB485654.1	-	-	-	2123.89	-	-	-	-	-	1	-
HIV1.cut.id_AB485655.1	-	-	-	-	-	-	-	-	-	1	-
HIV1.cut.id_AB485656.1	3503.46	-	-	-	-	-	-	-	-	1	-
HIV1.cut.id_AB485657.1	2397.05	-	-	-	-	-	-	-	-	1	-
HIV1.cut.id_AB485658.1	1314.67	-	-	-	-	-	-	-	-	1	-
HIV1.cut.id_AB485659.1	-	-	-	-	-	-	-	-	-	1	-
HIV1.cut.id_AB485660.1	-	-	-	-	-	-	-	-	-	1	-
HIV1.cut.id_AB485661.1	2188.39	-	-	-	-	-	-	-	-	1	-
HIV1.cut.id_AB485662.1	3766.48	-	-	4619.57	-	-	-	-	-	1	-
HIV1.cut.id_AB485663.1	616.81	-	-	-	-	-	-	-	-	1	-
HIV1.cut.id_AB485664.1	-	-	-	3070.18	-	-	-	-	-	1	-
HIV1.cut.id_AB485665.1	518.36	-	-	2607.99	-	-	-	-	-	1	-
HIV1.cut.id_AB485666.1	-	-	-	-	-	-	-	-	-	1	-
HIV1.cut.id_AB485667.1	-	-	-	-	-	-	-	-	-	1	-
HIV1.cut.id_AB485668.1	2106.97	-	-	-	-	-	-	-	-	1	-
HIV1.cut.id_AB485669.1	3400.22	-	2947.22	1141.35	-	-	-	-	-	1	-
HIV1.cut.id_AB547463.1	-	-	-	-	-	-	-	-	-	1	-
HIV1.cut.id_AB547464.1	-	-	-	-	-	-	-	-	-	1	-
HIV1.cut.id_AB564744.1	4604.49	-	-	-	-	-	-	-	-	1	-
HIV1.cut.id_AB564745.1	1450.59	-	-	-	-	-	-	-	-	1	-
HIV1.cut.id_AB564746.1	1327.74	-	-	-	-	-	-	-	-	1	-
HIV1.cut.id_AB565478.1	3659.39	-	-	-	-	-	-	-	-	1	-
HIV1.cut.id_AB565479.1	2754.24	-	-	-	-	-	-	-	-	1	-
HIV1.cut.id_AB565495.1	-	-	-	0.0	-	-	-	-	-	1	-
HIV1.cut.id_AB565496.1	4425.23	2926.83	-	-	-	-	-	-	-	1	-
HIV1.cut.id_AB565497.1	0.0	-	-	-	-	-	-	-	-	1	-
HIV1.cut.id_AB565498.1	2640.85	-	-	-	-	-	-	-	-	1	-
HIV1.cut.id_AB565499.1	-	-	-	-	4960.84	-	-	-	-	1	-
HIV1.cut.id_AB565500.1	369.96	-	-	8998.14	-	-	-	-	-	1	-
HIV1.cut.id_AB565501.1	3456.22	-	-	-	-	-	-	-	-	1	-
HIV1.cut.id_AB565502.1	2153.32	-	-	2830.19	-	-	-	-	-	1	-
HIV1.cut.id_AB565503.1	-	-	-	-	-	-	-	-	-	1	-
HIV1.cut.id_AB565504.1	1612.9	-	-	-	-	-	-	-	-	1	-
HIV1.cut.id_AB604946.1	137.74	-	-	-	-	-	-	-	-	1	-
HIV1.cut.id_AB604947.1	168.07	-	-	-	-	-	-	-	-	1	-
HIV1.cut.id_AB604948.1	-	-	-	-	-	-	-	-	-	1	-
HIV1.cut.id_AB604949.1	1810.7	-	-	-	-	-	-	-	-	1	-
HIV1.cut.id_AB604950.1	199.87	-	-	-	-	-	-	-	-	1	-
HIV1.cut.id_AB604951.1	-	-	-	-	-	-	-	-	-	1	-
HIV1.cut.id_AB641836.2	2851.71	-	-	-	-	-	-	-	-	1	-
HIV1.cut.id_AB641837.2	-	-	-	-	-	-	-	-	-	1	-
HIV1.cut.id_AB646289.1	-	-	-	-	-	-	-	-	-	1	-
HIV1.cut.id_AB646691.1	3947.37	-	-	1276.6	-	-	-	-	-	1	-
HIV1.cut.id_AB731663.1	1303.54	-	-	-	-	-	-	-	-	1	-
HIV1.cut.id_AB731664.1	1640.38	-	-	4824.56	-	-	-	-	-	1	-
HIV1.cut.id_AB731665.1	867.05	-	-	1982.23	-	-	-	-	-	1	-
HIV1.cut.id_AB731666.1	-	-	-	-	-	-	-	-	-	1	-
HIV1.cut.id_AB731667.1	0.0	-	-	-	-	-	-	-	-	1	-
HIV1.cut.id_AB731668.1	4027.89	-	-	-	-	-	-	-	-	1	-
HIV1.cut.id_AB731669.1	3502.95	-	-	-	-	-	-	-	-	1	-
HIV1.cut.id_AB731670.1	-	-	-	-	836.12	-	-	-	-	1	-
HIV1.cut.id_AB746342.2	2865.33	-	-	-	-	-	-	-	-	1	-
HIV1.cut.id_AB746343.2	-	-	-	-	-	-	-	-	-	1	-
HIV1.cut.id_AB746344.2	-	-	-	-	-	-	-	-	-	1	-
HIV1.cut.id_AB746345.2	1381.22	-	-	-	-	-	-	-	-	1	-
HIV1.cut.id_AB845344.1	-	-	-	-	-	-	-	-	-	1	-
HIV1.cut.id_AB845345.1	-	-	-	3242.15	-	-	-	-	-	1	-
HIV1.cut.id_AB845346.1	-	-	-	-	-	-	-	-	-	1	-
HIV1.cut.id_AB845347.1	-	-	-	-	-	-	-	-	-	1	-
HIV1.cut.id_AB845348.1	3618.42	-	-	-	-	-	-	-	-	1	-
HIV1.cut.id_AB845349.1	-	-	-	-	-	-	-	-	-	1	-
HIV1.cut.id_AB859012.1	3275.86	-	-	-	-	-	-	-	-	1	-
HIV1.cut.id_AF003887.1	-	-	-	-	-	-	-	-	-	1	-
HIV1.cut.id_AF003888.1	3178.15	-	-	-	-	-	-	-	-	1	-
HIV1.cut.id_AF004394.1	-	-	-	-	-	-	-	-	-	1	-
HIV1.cut.id_AF004885.1	-	-	-	-	-	-	-	-	-	1	-
HIV1.cut.id_AF005494.1	-	-	-	-	-	-	-	-	-	1	-
HIV1.cut.id_AF005495.1	-	-	-	-	-	-	-	-	-	1	-
HIV1.cut.id_AF005496.1	-	-	-	-	-	-	-	-	-	1	-
HIV1.cut.id_AF033819.3	4963.99	-	-	-	-	-	-	-	-	1	-
HIV1.cut.id_AF042100.1	-	-	-	2841.36	-	-	-	-	-	1	-
HIV1.cut.id_AF042101.1	-	-	-	-	-	-	-	-	-	1	-
HIV1.cut.id_AF042102.1	10772.53	-	-	-	-	-	-	-	-	1	-
HIV1.cut.id_AF042103.1	3030.3	-	-	-	-	-	-	-	-	1	-
HIV1.cut.id_AF042104.1	-	-	-	-	-	-	-	-	-	1	-
HIV1.cut.id_AF042105.1	3037.21	-	-	2796.05	-	-	-	-	-	1	-
HIV1.cut.id_AF042106.1	3280.93	-	-	-	-	-	-	-	-	1	-
HIV1.cut.id_AF049337.1	-	-	-	-	-	-	-	-	-	1	-
HIV1.cut.id_AF049494.1	-	-	-	-	-	-	-	-	-	1	-
HIV1.cut.id_AF049495.1	-	-	-	-	-	-	-	-	-	1	-
HIV1.cut.id_AF061640.1	100.1	-	-	-	-	-	-	-	-	1	-
HIV1.cut.id_AF061641.1	193.05	-	-	-	-	-	-	-	-	1	-
HIV1.cut.id_AF061642.1	-	-	-	-	-	-	-	-	-	1	-
HIV1.cut.id_AF063223.1	1077.5	4716.98	-	3708.44	-	-	-	-	-	1	-
HIV1.cut.id_AF063224.1	1183.43	-	-	-	-	-	-	-	-	1	-
HIV1.cut.id_AF064699.1	8900.19	-	-	-	-	-	-	-	-	1	-
HIV1.cut.id_AF067154.1	4104.74	-	-	-	-	-	-	-	-	1	-
HIV1.cut.id_AF067155.1	3591.16	-	-	-	-	-	-	-	-	1	-
HIV1.cut.id_AF067156.1	4367.61	-	-	-	-	-	-	-	-	1	-
HIV1.cut.id_AF067157.1	4993.3	-	-	-	-	-	-	-	-	1	-
HIV1.cut.id_AF067158.1	3499.29	-	-	-	-	-	-	-	-	1	-
HIV1.cut.id_AF067159.1	-	-	-	-	-	-	-	-	-	1	-
HIV1.cut.id_AF069140.1	2941.18	-	-	-	-	-	-	-	-	1	-
HIV1.cut.id_AF069671.1	-	-	-	-	-	-	-	-	-	1	-
HIV1.cut.id_AF070521.1	-	-	-	-	-	-	-	-	-	1	-
HIV1.cut.id_AF075701.1	-	-	-	-	-	-	-	-	-	1	-
HIV1.cut.id_AF075702.1	3381.4	-	-	-	-	-	-	-	-	1	-
HIV1.cut.id_AF075703.1	2990.03	-	-	-	-	-	-	-	-	1	-
HIV1.cut.id_AF075719.1	4212.25	-	-	-	-	-	-	-	-	1	-
HIV1.cut.id_AF076474.1	-	-	-	-	-	-	-	-	-	1	-
HIV1.cut.id_AF076475.1	3865.34	-	-	-	-	-	-	-	-	1	-
HIV1.cut.id_AF076998.1	-	-	-	-	-	-	-	-	-	1	-
HIV1.cut.id_AF077336.1	-	-	-	-	-	-	-	-	-	1	-
HIV1.cut.id_AF082394.1	0.0	-	-	1544.4	-	-	-	-	-	1	-
HIV1.cut.id_AF082395.1	-	-	-	-	-	-	-	-	-	1	-
HIV1.cut.id_AF084936.1	-	-	-	4866.18	-	-	-	-	-	1	-
HIV1.cut.id_AF086817.1	3187.25	-	-	-	-	-	-	-	-	1	-
HIV1.cut.id_AF107770.1	1743.68	-	-	-	-	-	-	-	-	1	-
HIV1.cut.id_AF107771.1	3273.43	-	-	-	-	-	-	-	-	1	-
HIV1.cut.id_AF110959.1	1010.1	-	-	-	-	-	-	-	-	1	-
HIV1.cut.id_AF110960.1	-	-	-	-	-	-	-	3757.23	-	1	-
HIV1.cut.id_AF110961.1	276.24	-	-	-	-	-	-	-	-	1	-
HIV1.cut.id_AF110962.1	4654.65	-	-	-	-	-	-	-	-	1	-
HIV1.cut.id_AF110963.1	-	-	-	3393.67	-	-	-	-	-	1	-
HIV1.cut.id_AF110964.1	-	-	-	-	-	-	-	-	-	1	-
HIV1.cut.id_AF110965.1	-	-	-	-	-	-	-	-	-	1	-
HIV1.cut.id_AF110966.1	-	-	-	-	-	-	-	-	-	1	-
HIV1.cut.id_AF110967.1	-	-	-	-	-	-	-	-	-	1	-
HIV1.cut.id_AF110968.1	1839.68	-	-	-	-	-	-	-	-	1	-
HIV1.cut.id_AF110969.1	-	-	-	-	-	-	-	-	-	1	-
HIV1.cut.id_AF110970.1	2197.29	-	-	6299.21	-	-	-	-	-	1	-
HIV1.cut.id_AF110971.1	-	-	-	-	-	-	-	-	-	1	-
HIV1.cut.id_AF110972.1	-	-	-	-	-	-	-	-	-	1	-
HIV1.cut.id_AF110973.1	3074.43	-	-	-	-	-	-	-	-	1	-
HIV1.cut.id_AF110974.1	-	4166.67	-	-	-	-	-	-	-	1	-
HIV1.cut.id_AF110975.1	648.93	-	-	-	-	-	-	-	-	1	-
HIV1.cut.id_AF110976.1	-	-	-	-	-	-	-	-	-	1	-
HIV1.cut.id_AF110977.1	3027.89	-	-	-	-	-	-	-	-	1	-
HIV1.cut.id_AF110978.1	3307.61	-	-	-	-	-	-	-	-	1	-
HIV1.cut.id_AF110979.1	318.47	-	-	-	-	-	-	-	-	1	-
HIV1.cut.id_AF110980.1	3830.96	-	-	-	-	-	-	-	-	1	-
HIV1.cut.id_AF110981.1	-	-	-	-	-	-	-	-	-	1	-
HIV1.cut.id_AF119819.1	-	-	-	-	-	-	-	-	-	1	-
HIV1.cut.id_AF119820.1	3550.3	-	-	-	-	-	-	-	-	1	-
HIV1.cut.id_AF164485.1	-	-	-	-	-	-	-	-	-	1	-
HIV1.cut.id_AF179368.1	-	-	-	-	-	-	-	-	-	1	-
HIV1.cut.id_AF184155.1	-	-	-	-	-	-	-	-	-	1	-
HIV1.cut.id_AF190127.1	-	-	-	-	-	-	-	-	-	1	-
HIV1.cut.id_AF192135.1	4848.48	-	-	-	-	-	-	-	-	1	-
HIV1.cut.id_AF193253.1	-	-	-	-	-	-	-	-	-	1	-
HIV1.cut.id_AF193275.1	1367.99	-	-	2022.06	-	-	-	-	-	1	-
HIV1.cut.id_AF193276.1	3048.78	-	-	-	-	-	-	-	-	1	-
HIV1.cut.id_AF193277.1	-	-	-	-	-	-	-	-	-	1	-
HIV1.cut.id_AF197338.1	-	-	-	-	-	-	-	-	-	1	-
HIV1.cut.id_AF197339.1	2109.7	-	-	-	-	-	-	-	-	1	-
HIV1.cut.id_AF197340.1	-	-	-	-	634.92	-	-	-	-	1	-
HIV1.cut.id_AF197341.1	4687.5	-	-	-	-	-	-	-	-	1	-
HIV1.cut.id_AF224507.1	-	-	-	-	-	-	-	-	-	1	-
HIV1.cut.id_AF256205.1	2244.51	-	-	246.51	-	-	-	-	-	1	-
HIV1.cut.id_AF256206.1	1791.43	-	-	-	-	-	-	-	-	1	-
HIV1.cut.id_AF256207.1	3666.6	-	-	-	-	-	-	-	-	1	-
HIV1.cut.id_AF256211.1	3298.11	-	-	-	-	-	-	-	-	1	-
HIV1.cut.id_AF259954.1	3508.38	-	-	-	-	-	-	-	-	1	-
HIV1.cut.id_AF259955.1	-	-	-	-	-	-	-	-	-	1	-
HIV1.cut.id_AF286223.1	-	-	-	-	-	-	-	-	-	1	-
HIV1.cut.id_AF286224.1	107.99	-	-	-	-	-	-	-	-	1	-
HIV1.cut.id_AF286225.1	-	-	-	-	-	-	-	-	-	1	-
HIV1.cut.id_AF286226.1	-	-	-	4498.98	-	-	-	-	-	1	-
HIV1.cut.id_AF286227.1	-	-	-	6908.67	-	-	-	-	-	1	-
HIV1.cut.id_AF286228.1	-	-	-	-	-	-	-	-	-	1	-
HIV1.cut.id_AF286229.1	3539.82	-	-	-	-	-	-	-	-	1	-
HIV1.cut.id_AF286230.1	3052.27	-	-	2408.7	-	-	-	-	-	1	-
HIV1.cut.id_AF286231.1	-	-	-	-	-	-	-	-	-	1	-
HIV1.cut.id_AF286232.1	-	-	-	-	-	-	-	-	-	1	-
HIV1.cut.id_AF286233.1	-	-	-	-	-	-	-	-	-	1	-
HIV1.cut.id_AF286234.1	5414.49	-	-	-	-	-	-	-	-	1	-
HIV1.cut.id_AF286235.1	-	4778.76	-	-	-	-	-	-	-	1	-
HIV1.cut.id_AF286236.1	-	-	-	-	-	-	-	-	-	1	-
HIV1.cut.id_AF286237.1	-	-	-	-	-	-	-	-	-	1	-
HIV1.cut.id_AF286238.1	-	-	-	-	-	-	-	-	-	1	-
HIV1.cut.id_AF286239.1	-	-	-	-	-	-	-	-	-	1	-
HIV1.cut.id_AF286365.1	1490.2	-	-	-	-	-	-	-	-	1	-
HIV1.cut.id_AF289548.1	0.0	-	-	-	-	-	-	-	-	1	-
HIV1.cut.id_AF289549.1	4570.38	-	-	-	-	-	-	-	-	1	-
HIV1.cut.id_AF289550.1	5003.21	-	-	873.79	-	-	-	-	-	1	-
HIV1.cut.id_AF290027.1	-	-	-	-	-	-	-	-	-	1	-
HIV1.cut.id_AF290028.1	759.09	-	-	3548.68	-	-	-	-	-	1	-
HIV1.cut.id_AF290029.1	1284.03	4580.15	-	-	-	-	-	-	-	1	-
HIV1.cut.id_AF290030.1	-	-	-	-	-	-	-	-	-	1	-
HIV1.cut.id_AF316544.1	-	-	-	-	-	-	-	-	-	1	-
HIV1.cut.id_AF321523.1	-	-	-	-	-	-	-	-	-	1	-
HIV1.cut.id_AF332867.1	-	-	-	-	-	-	-	-	-	1	-
HIV1.cut.id_AF361873.1	-	-	-	-	-	-	-	-	-	1	-
HIV1.cut.id_AF377958.1	-	-	-	-	-	-	-	-	-	1	-
HIV1.cut.id_AF385934.1	-	-	-	-	-	-	-	-	-	1	-
HIV1.cut.id_AF385935.1	3079.71	-	-	-	-	-	-	-	-	1	-
HIV1.cut.id_AF385936.1	-	-	-	-	-	-	-	-	-	1	-
HIV1.cut.id_AF407418.1	-	-	-	-	-	-	-	-	-	1	-
HIV1.cut.id_AF407419.1	-	4408.06	3260.87	-	-	-	-	-	-	1	-
HIV1.cut.id_AF408626.1	-	-	-	-	-	-	-	-	-	1	-
HIV1.cut.id_AF408627.1	4960.0	-	-	-	-	-	-	-	-	1	-
HIV1.cut.id_AF408628.1	-	-	-	-	-	-	-	-	-	1	-
HIV1.cut.id_AF408629.1	4912.28	-	-	3547.3	-	-	-	-	-	1	-
HIV1.cut.id_AF408630.1	2220.85	-	-	-	-	-	-	-	-	1	-
HIV1.cut.id_AF408631.1	-	-	-	-	-	-	-	-	-	1	-
HIV1.cut.id_AF408632.1	4002.86	-	-	-	-	-	-	-	-	1	-
HIV1.cut.id_AF411964.1	-	-	-	-	-	-	-	-	-	1	-
HIV1.cut.id_AF411965.1	0.0	3603.6	-	-	-	-	-	-	-	1	-
HIV1.cut.id_AF411966.1	2755.91	-	-	-	-	-	-	-	-	1	-
HIV1.cut.id_AF411967.1	0.0	-	-	-	-	-	-	-	-	1	-
HIV1.cut.id_AF413987.1	3394.26	-	-	-	-	-	-	-	-	1	-
HIV1.cut.id_AF414006.1	-	-	-	-	-	-	-	-	-	1	-
HIV1.cut.id_AF423755.1	1393.44	2620.09	-	-	-	-	-	-	-	1	-
HIV1.cut.id_AF423756.1	1622.06	-	-	-	1480.96	-	-	-	-	1	-
HIV1.cut.id_AF423757.1	3646.05	-	-	-	-	-	-	-	-	1	-
HIV1.cut.id_AF423758.1	-	-	-	-	-	-	-	-	-	1	-
HIV1.cut.id_AF423759.1	2317.62	-	-	-	-	-	-	-	-	1	-
HIV1.cut.id_AF423760.1	2380.95	-	-	5131.49	-	-	-	-	-	1	-
HIV1.cut.id_AF443074.1	-	-	-	-	-	-	-	-	-	1	-
HIV1.cut.id_AF443075.1	4407.44	-	-	-	-	-	-	-	-	1	-
HIV1.cut.id_AF443076.1	1764.71	-	-	-	-	-	-	-	-	1	-
HIV1.cut.id_AF443077.1	3148.75	-	-	-	-	-	-	-	-	1	-
HIV1.cut.id_AF443078.1	-	-	-	-	-	-	-	-	-	1	-
HIV1.cut.id_AF443079.1	-	-	-	4198.47	-	-	-	-	-	1	-
HIV1.cut.id_AF443080.1	2984.17	1617.25	-	-	-	-	-	-	-	1	-
HIV1.cut.id_AF443081.1	-	-	-	-	-	-	-	-	-	1	-
HIV1.cut.id_AF443082.1	-	-	-	-	-	-	-	-	-	1	-
HIV1.cut.id_AF443083.1	832.34	-	-	-	-	-	-	-	-	1	-
HIV1.cut.id_AF443084.1	-	-	-	-	-	-	-	-	-	1	-
HIV1.cut.id_AF443085.1	-	-	-	-	-	-	-	-	-	1	-
HIV1.cut.id_AF443086.1	1070.66	-	-	-	-	-	-	-	-	1	-
HIV1.cut.id_AF443087.1	3314.57	-	-	-	-	-	-	-	-	1	-
HIV1.cut.id_AF443088.1	-	-	-	-	-	-	-	-	-	1	-
HIV1.cut.id_AF443089.1	-	-	-	-	-	-	-	-	-	1	-
HIV1.cut.id_AF443090.1	-	-	-	-	-	-	-	-	-	1	-
HIV1.cut.id_AF443091.1	0.0	-	-	-	-	-	-	-	-	1	-
HIV1.cut.id_AF443092.1	3371.71	-	-	-	-	-	-	-	-	1	-
HIV1.cut.id_AF443093.1	-	-	-	-	-	-	-	-	-	1	-
HIV1.cut.id_AF443094.1	4305.61	-	-	-	-	-	-	-	-	1	-
HIV1.cut.id_AF443095.1	3902.07	-	-	-	-	-	-	-	-	1	-
HIV1.cut.id_AF443096.1	-	-	-	-	-	-	-	-	-	1	-
HIV1.cut.id_AF443097.1	-	-	-	-	-	-	-	-	-	1	-
HIV1.cut.id_AF443098.1	330.58	-	-	-	-	-	-	-	-	1	-
HIV1.cut.id_AF443099.1	4337.05	-	-	-	-	-	-	-	-	1	-
HIV1.cut.id_AF443100.1	-	-	-	-	-	-	-	-	-	1	-
HIV1.cut.id_AF443101.1	-	-	-	-	-	-	-	-	-	1	-
HIV1.cut.id_AF443102.1	-	-	-	-	-	-	-	-	-	1	-
HIV1.cut.id_AF443103.1	1142.86	-	-	-	-	-	-	-	-	1	-
HIV1.cut.id_AF443104.1	-	-	-	-	-	-	-	-	-	1	-
HIV1.cut.id_AF443105.1	-	-	-	-	-	-	-	-	-	1	-
HIV1.cut.id_AF443107.1	0.0	-	-	-	-	-	-	-	-	1	-
HIV1.cut.id_AF443108.1	-	-	-	-	-	-	-	-	-	1	-
HIV1.cut.id_AF443109.1	-	-	-	-	-	-	-	-	-	1	-
HIV1.cut.id_AF443110.1	-	-	-	-	-	-	-	-	-	1	-
HIV1.cut.id_AF443111.1	1988.07	-	-	-	-	-	-	-	-	1	-
HIV1.cut.id_AF443112.1	0.0	-	-	-	-	-	-	-	-	1	-
HIV1.cut.id_AF443113.1	-	-	-	-	-	-	-	-	-	1	-
HIV1.cut.id_AF443114.1	-	-	-	-	-	-	-	-	-	1	-
HIV1.cut.id_AF443115.1	-	-	-	-	-	-	-	-	-	1	-
HIV1.cut.id_AF450096.1	-	-	-	-	-	-	-	-	-	1	-
HIV1.cut.id_AF450097.1	-	-	-	-	-	-	-	-	-	1	-
HIV1.cut.id_AF450098.1	-	-	-	-	-	-	-	-	-	1	-
HIV1.cut.id_AF457058.1	-	-	-	-	-	-	-	-	-	1	-
HIV1.cut.id_AF460972.1	-	-	-	-	-	-	-	-	-	1	-
HIV1.cut.id_AF460974.1	-	-	-	2336.45	-	-	-	-	-	1	-
HIV1.cut.id_AF468970.1	-	-	-	-	-	-	-	-	-	1	-
HIV1.cut.id_AF484480.1	2726.47	-	-	-	-	-	-	-	-	1	-
HIV1.cut.id_AF484485.1	-	-	-	-	-	-	-	-	-	1	-
HIV1.cut.id_AF484511.1	0.0	-	-	-	-	-	-	-	-	1	-
HIV1.cut.id_AF484515.1	-	-	-	-	-	-	-	-	-	1	-
HIV1.cut.id_AF490973.1	2542.37	-	-	-	-	-	-	-	-	1	-
HIV1.cut.id_AF490974.1	-	-	-	7959.57	-	-	-	-	-	1	-
HIV1.cut.id_AF492623.1	-	-	-	-	-	-	-	-	-	1	-
HIV1.cut.id_AF492624.1	-	-	-	-	-	-	-	-	-	1	-
HIV1.cut.id_AF503396.1	2130.72	-	-	-	-	-	-	-	-	1	-
HIV1.cut.id_AF516184.1	3533.91	-	-	-	-	-	-	-	-	1	-
HIV1.cut.id_AF529572.1	3183.52	-	-	-	-	-	-	-	-	1	-
HIV1.cut.id_AF529573.1	-	-	-	-	-	-	-	-	-	1	-
HIV1.cut.id_AF530576.1	-	-	-	-	-	-	-	-	-	1	-
HIV1.cut.id_AF538302.1	-	-	-	-	-	-	-	-	-	1	-
HIV1.cut.id_AF538303.1	271.0	-	-	-	-	-	-	-	-	1	-
HIV1.cut.id_AJ006022.1	-	-	-	-	-	-	-	-	-	1	-
HIV1.cut.id_AJ006287.1	4892.5	-	-	-	-	-	-	-	-	1	-
HIV1.cut.id_AJ237565.1	-	-	-	-	-	-	-	-	-	1	-
HIV1.cut.id_AJ239083.1	2941.18	-	-	-	-	-	-	-	-	1	-
HIV1.cut.id_AJ245481.2	-	-	-	-	-	-	-	-	-	1	-
HIV1.cut.id_AJ251056.1	-	-	-	-	-	-	-	-	-	1	-
HIV1.cut.id_AJ251057.1	0.0	-	-	-	-	-	-	-	-	1	-
HIV1.cut.id_AJ271370.1	-	-	-	-	-	-	-	-	-	1	-
HIV1.cut.id_AJ271445.1	1304.86	-	-	-	-	-	-	-	-	1	-
HIV1.cut.id_AJ276595.1	-	-	-	-	-	-	-	-	-	1	-
HIV1.cut.id_AJ276596.1	-	-	-	-	-	-	-	-	-	1	-
HIV1.cut.id_AJ288981.1	1069.52	-	-	-	-	-	-	-	-	1	-
HIV1.cut.id_AJ288982.1	2688.43	-	-	-	-	-	-	-	-	1	-
HIV1.cut.id_AJ291718.1	-	-	-	-	-	-	-	-	-	1	-
HIV1.cut.id_AJ291719.1	-	-	-	0.0	-	-	-	-	-	1	-
HIV1.cut.id_AJ291720.1	-	-	-	-	-	-	-	-	-	1	-
HIV1.cut.id_AJ302646.1	1005.03	-	-	4345.27	3863.43	-	-	-	-	1	-
HIV1.cut.id_AJ302647.1	3056.77	-	-	-	-	-	-	-	-	1	-
HIV1.cut.id_AJ320484.1	-	-	-	4738.15	-	-	-	-	-	1	-
HIV1.cut.id_AJ404325.1	1754.39	-	-	-	-	-	-	-	-	1	-
HIV1.cut.id_AJ508595.1	-	1927.44	-	-	-	-	-	-	-	1	-
HIV1.cut.id_AJ508596.1	-	-	-	2366.86	-	-	-	-	-	1	-
HIV1.cut.id_AJ508597.1	-	-	-	-	-	-	-	-	-	1	-
HIV1.cut.id_AJ866553.1	1900.58	-	-	-	-	-	-	-	-	1	-
HIV1.cut.id_AJ866554.1	-	-	-	-	-	-	-	-	-	1	-
HIV1.cut.id_AJ866555.1	-	-	1650.17	-	-	-	-	-	-	1	-
HIV1.cut.id_AJ866556.1	-	-	-	-	-	-	-	-	-	1	-
HIV1.cut.id_AJ866557.1	-	-	-	-	-	-	-	-	-	1	-
HIV1.cut.id_AJ866558.1	1877.93	-	-	-	-	-	-	-	-	1	-
HIV1.cut.id_AM000053.1	0.0	-	-	-	-	-	-	-	-	1	-
HIV1.cut.id_AM000054.1	-	-	-	-	-	-	-	-	-	1	-
HIV1.cut.id_AM000055.1	-	-	-	-	-	-	-	-	-	1	-
HIV1.cut.id_AP005206.1	-	4296.3	-	2211.54	-	-	-	-	-	1	-
HIV1.cut.id_AP005207.1	-	-	-	-	-	-	-	-	-	1	-
HIV1.cut.id_AY008714.1	2999.45	-	-	-	-	-	-	-	-	1	-
HIV1.cut.id_AY008715.1	1876.9	-	-	-	-	-	-	-	-	1	-
HIV1.cut.id_AY008716.1	2465.48	-	-	-	-	-	-	-	-	1	-
HIV1.cut.id_AY008717.1	1368.73	-	-	5184.83	-	-	-	-	-	1	-
HIV1.cut.id_AY008718.1	2200.0	-	-	-	-	-	-	-	-	1	-
HIV1.cut.id_AY037282.1	-	-	-	-	-	-	-	-	-	1	-
HIV1.cut.id_AY046058.1	-	-	-	4389.31	-	-	-	-	-	1	-
HIV1.cut.id_AY049708.1	-	-	-	0.0	-	-	-	-	-	1	-
HIV1.cut.id_AY049709.1	-	-	-	-	-	-	-	-	-	1	-
HIV1.cut.id_AY049710.1	2316.6	-	-	-	-	-	-	-	-	1	-
HIV1.cut.id_AY049711.1	-	525.76	-	-	-	-	-	-	-	1	-
HIV1.cut.id_AY074891.1	-	-	-	-	-	-	-	-	-	1	-
HIV1.cut.id_AY082968.1	4881.31	-	-	-	-	-	-	-	-	1	-
HIV1.cut.id_AY093603.1	4826.04	-	-	-	-	-	-	-	-	1	-
HIV1.cut.id_AY093604.1	-	-	-	-	-	-	-	-	-	1	-
HIV1.cut.id_AY093605.1	966.85	-	-	-	-	-	-	-	-	1	-
HIV1.cut.id_AY118165.1	3216.37	-	-	-	-	-	-	-	-	1	-
HIV1.cut.id_AY118166.1	-	-	-	-	-	-	-	-	-	1	-
HIV1.cut.id_AY125894.1	2725.37	-	-	-	-	-	-	-	-	1	-
HIV1.cut.id_AY158533.1	-	-	-	-	-	-	-	-	-	1	-
HIV1.cut.id_AY158534.1	-	-	-	-	-	-	-	-	-	1	-
HIV1.cut.id_AY158535.1	-	-	-	-	-	-	-	-	-	1	-
HIV1.cut.id_AY162223.1	-	-	-	-	-	-	-	-	-	1	-
HIV1.cut.id_AY162224.1	-	-	-	-	-	-	-	-	-	1	-
HIV1.cut.id_AY162225.1	-	-	-	-	-	-	-	-	-	1	-
HIV1.cut.id_AY167123.1	2702.7	-	-	-	-	-	-	-	-	1	-
HIV1.cut.id_AY169802.1	-	-	-	-	-	-	-	-	-	1	-
HIV1.cut.id_AY169803.1	-	-	-	-	-	-	-	-	-	1	-
HIV1.cut.id_AY169804.1	0.0	-	-	-	-	-	-	-	-	1	-
HIV1.cut.id_AY169805.1	-	-	-	3318.58	-	-	-	-	-	1	-
HIV1.cut.id_AY169806.1	-	-	-	-	-	-	-	-	-	1	-
HIV1.cut.id_AY169807.1	-	-	-	-	-	-	-	-	-	1	-
HIV1.cut.id_AY169808.1	-	-	-	-	-	-	-	-	-	1	-
HIV1.cut.id_AY169809.1	-	-	-	-	-	-	-	-	-	1	-
HIV1.cut.id_AY169810.1	-	-	-	-	-	-	-	-	-	1	-
HIV1.cut.id_AY169811.1	-	-	-	-	-	-	-	-	-	1	-
HIV1.cut.id_AY169812.1	-	-	-	-	-	-	-	-	-	1	-
HIV1.cut.id_AY169813.1	-	3954.08	-	-	-	-	-	-	-	1	-
HIV1.cut.id_AY169814.1	-	-	-	-	-	-	-	-	-	1	-
HIV1.cut.id_AY169815.1	-	-	-	-	-	-	-	-	-	1	-
HIV1.cut.id_AY169816.1	-	-	-	-	-	-	-	-	-	1	-
HIV1.cut.id_AY173951.1	-	-	-	-	-	-	-	-	-	1	-
HIV1.cut.id_AY173952.1	-	-	-	-	-	-	-	-	-	1	-
HIV1.cut.id_AY173953.1	0.0	-	-	-	-	-	-	-	-	1	-
HIV1.cut.id_AY173954.1	7280.44	-	-	-	-	-	-	-	-	1	-
HIV1.cut.id_AY173955.1	860.22	-	-	-	-	-	-	-	-	1	-
HIV1.cut.id_AY173956.1	-	-	-	-	-	-	-	-	-	1	-
HIV1.cut.id_AY173957.1	4009.3	-	-	-	-	-	-	-	-	1	-
HIV1.cut.id_AY173958.1	3770.99	-	-	-	-	-	-	-	-	1	-
HIV1.cut.id_AY180905.1	5092.84	-	-	-	-	-	-	-	-	1	-
HIV1.cut.id_AY227107.1	-	-	-	-	-	-	-	-	-	1	-
HIV1.cut.id_AY228556.1	3986.71	-	-	3765.39	-	-	-	-	-	1	-
HIV1.cut.id_AY228557.1	-	-	-	-	-	-	-	-	-	1	-
HIV1.cut.id_AY237165.1	-	-	-	-	-	-	-	-	-	1	-
HIV1.cut.id_AY237166.1	-	-	-	-	-	-	-	-	-	1	-
HIV1.cut.id_AY237167.1	-	-	-	-	-	-	-	-	-	1	-
HIV1.cut.id_AY271690.1	-	-	-	-	-	-	-	-	-	1	-
HIV1.cut.id_AY308760.1	1554.13	-	-	-	-	-	-	-	-	1	-
HIV1.cut.id_AY308761.1	3074.56	2633.56	-	-	-	-	-	-	-	1	-
HIV1.cut.id_AY308762.1	-	-	-	-	-	-	-	-	-	1	-
HIV1.cut.id_AY314044.1	1895.12	-	-	-	-	-	-	-	-	1	-
HIV1.cut.id_AY314045.1	1421.56	-	-	-	-	-	-	-	-	1	-
HIV1.cut.id_AY314046.1	4145.24	-	-	-	-	-	-	-	-	1	-
HIV1.cut.id_AY314047.1	237.07	0.0	-	-	-	-	-	-	-	1	-
HIV1.cut.id_AY314048.1	-	-	-	-	-	-	-	-	-	1	-
HIV1.cut.id_AY314049.1	5221.55	-	-	2449.75	-	-	-	-	-	1	-
HIV1.cut.id_AY314050.1	1529.53	-	-	3827.16	-	-	-	-	-	1	-
HIV1.cut.id_AY314051.1	2059.86	-	-	-	-	-	-	-	-	1	-
HIV1.cut.id_AY314052.1	-	-	418.41	2047.98	0.0	-	-	-	-	1	-
HIV1.cut.id_AY314053.1	2900.63	-	-	-	-	-	-	-	-	1	-
HIV1.cut.id_AY314054.1	1252.47	-	-	-	-	-	-	-	-	1	-
HIV1.cut.id_AY314055.1	2192.33	-	-	-	-	-	-	-	-	1	-
HIV1.cut.id_AY314056.1	-	-	-	170.65	-	-	-	-	-	1	-
HIV1.cut.id_AY314057.1	2676.4	-	-	-	-	-	-	-	-	1	-
HIV1.cut.id_AY314058.1	-	-	-	-	-	-	-	-	-	1	-
HIV1.cut.id_AY314059.1	-	-	-	-	-	-	-	-	-	1	-
HIV1.cut.id_AY314060.1	606.98	-	-	2808.57	-	-	-	-	-	1	-
HIV1.cut.id_AY314061.1	754.95	-	-	4328.22	-	-	-	-	-	1	-
HIV1.cut.id_AY314062.1	-	-	-	-	-	-	-	-	-	1	-
HIV1.cut.id_AY314063.1	1639.67	3270.44	-	-	-	-	-	-	-	1	-
HIV1.cut.id_AY322184.1	4810.73	-	-	3120.36	3120.36	-	-	-	-	1	-
HIV1.cut.id_AY322185.1	3166.23	-	-	-	-	-	-	-	-	1	-
HIV1.cut.id_AY322187.1	3592.81	2907.49	-	-	-	-	-	-	-	1	-
HIV1.cut.id_AY322189.1	-	-	-	-	-	-	-	-	-	1	-
HIV1.cut.id_AY322190.1	-	-	-	-	-	-	-	-	-	1	-
HIV1.cut.id_AY322191.1	4536.86	-	-	-	-	-	-	-	-	1	-
HIV1.cut.id_AY322193.1	0.0	-	-	3163.02	-	-	-	-	-	1	-
HIV1.cut.id_AY331282.1	-	-	-	-	-	-	-	-	-	1	-
HIV1.cut.id_AY331283.1	1288.4	-	-	-	-	-	-	-	-	1	-
HIV1.cut.id_AY331284.1	-	-	-	-	-	-	-	-	-	1	-
HIV1.cut.id_AY331285.1	-	-	-	-	-	-	-	-	-	1	-
HIV1.cut.id_AY331286.1	-	-	-	-	-	-	-	-	-	1	-
HIV1.cut.id_AY331287.1	-	-	-	-	-	-	-	-	-	1	-
HIV1.cut.id_AY331288.1	-	-	-	-	-	-	-	-	-	1	-
HIV1.cut.id_AY331289.1	0.0	-	-	-	-	-	-	-	-	1	-
HIV1.cut.id_AY331290.1	1235.2	-	-	-	-	-	-	-	-	1	-
HIV1.cut.id_AY331292.1	2855.29	-	-	2849.51	-	-	-	-	-	1	-
HIV1.cut.id_AY331293.1	3633.82	-	-	-	-	-	-	-	-	1	-
HIV1.cut.id_AY331296.1	2121.83	-	-	-	-	-	-	-	-	1	-
HIV1.cut.id_AY331297.1	-	-	-	-	-	-	-	-	-	1	-
HIV1.cut.id_AY332236.1	-	-	-	-	-	-	-	-	-	1	-
HIV1.cut.id_AY352654.1	-	-	-	-	-	-	-	-	-	1	-
HIV1.cut.id_AY352655.1	-	-	-	-	-	-	-	-	-	1	-
HIV1.cut.id_AY352656.1	-	-	-	-	-	-	-	-	-	1	-
HIV1.cut.id_AY352657.1	-	-	-	-	-	-	-	-	-	1	-
HIV1.cut.id_AY423381.1	657.89	-	-	-	-	-	-	-	-	1	-
HIV1.cut.id_AY423382.1	3686.42	-	-	4283.05	-	-	-	-	-	1	-
HIV1.cut.id_AY423383.1	342.94	-	-	-	-	-	-	-	-	1	-
HIV1.cut.id_AY423384.1	1909.67	-	-	687.29	588.24	-	-	-	-	1	-
HIV1.cut.id_AY423385.1	2748.41	-	-	649.35	-	-	-	-	-	1	-
HIV1.cut.id_AY423386.1	-	-	-	-	-	-	-	-	-	1	-
HIV1.cut.id_AY423387.1	-	-	-	-	-	-	-	-	-	1	-
HIV1.cut.id_AY445524.1	4310.34	-	-	-	-	-	-	-	-	1	-
HIV1.cut.id_AY455778.1	-	-	-	-	-	-	-	-	-	1	-
HIV1.cut.id_AY455779.1	-	-	-	-	-	-	-	-	-	1	-
HIV1.cut.id_AY455780.1	-	-	-	-	-	-	-	-	-	1	-
HIV1.cut.id_AY455781.1	3618.17	-	-	-	-	-	-	-	-	1	-
HIV1.cut.id_AY455782.1	4557.41	-	-	-	-	-	-	-	-	1	-
HIV1.cut.id_AY455783.1	-	-	-	-	-	-	-	-	-	1	-
HIV1.cut.id_AY455784.1	4656.58	-	-	-	-	-	-	-	-	1	-
HIV1.cut.id_AY455785.1	4487.18	-	-	-	-	-	-	-	-	1	-
HIV1.cut.id_AY463217.1	2775.29	-	-	-	-	-	-	-	-	1	-
HIV1.cut.id_AY463218.1	-	-	-	-	-	-	-	-	-	1	-
HIV1.cut.id_AY463219.1	4808.32	-	-	-	-	-	-	-	-	1	-
HIV1.cut.id_AY463220.1	-	-	-	-	-	-	-	-	-	1	-
HIV1.cut.id_AY463221.1	4694.84	-	-	-	-	-	-	-	-	1	-
HIV1.cut.id_AY463222.1	-	-	-	-	-	-	-	-	-	1	-
HIV1.cut.id_AY463223.1	2832.03	-	-	-	-	-	-	-	-	1	-
HIV1.cut.id_AY463224.1	-	-	-	-	-	-	-	-	-	1	-
HIV1.cut.id_AY463225.1	-	-	-	-	-	-	-	-	-	1	-
HIV1.cut.id_AY463226.1	2301.79	-	-	-	-	-	-	-	-	1	-
HIV1.cut.id_AY463227.1	3222.03	-	-	-	-	-	-	-	-	1	-
HIV1.cut.id_AY463228.1	7164.18	-	-	-	-	-	-	-	-	1	-
HIV1.cut.id_AY463229.1	-	-	-	-	-	-	-	-	-	1	-
HIV1.cut.id_AY463230.1	-	-	-	-	-	-	-	-	-	1	-
HIV1.cut.id_AY463231.1	-	9528.59	-	-	-	-	-	-	-	1	-
HIV1.cut.id_AY463232.1	-	-	-	-	-	-	-	-	-	1	-
HIV1.cut.id_AY463233.1	2446.48	-	-	-	-	-	-	-	-	1	-
HIV1.cut.id_AY463234.1	2261.71	-	-	-	-	-	-	-	-	1	-
HIV1.cut.id_AY463235.1	-	-	-	-	-	-	-	-	-	1	-
HIV1.cut.id_AY463236.1	-	-	-	-	-	-	-	-	-	1	-
HIV1.cut.id_AY463237.1	-	-	-	-	-	-	-	-	-	1	-
HIV1.cut.id_AY500393.1	3207.41	-	-	-	-	-	-	-	-	1	-
HIV1.cut.id_AY531116.1	3108.81	-	-	-	-	-	-	-	-	1	-
HIV1.cut.id_AY532635.1	-	-	-	-	6601.47	-	-	-	-	1	-
HIV1.cut.id_AY535659.1	2077.69	-	-	-	-	-	-	-	-	1	-
HIV1.cut.id_AY535660.1	3077.44	-	-	-	-	-	-	-	-	1	-
HIV1.cut.id_AY536233.1	-	-	-	-	-	-	-	-	-	1	-
HIV1.cut.id_AY536234.1	-	-	-	-	-	-	-	-	-	1	-
HIV1.cut.id_AY536235.1	-	-	-	-	-	-	-	-	-	1	-
HIV1.cut.id_AY536236.1	-	-	-	-	-	-	-	-	-	1	-
HIV1.cut.id_AY536237.1	3170.29	-	-	-	-	-	-	-	-	1	-
HIV1.cut.id_AY536238.1	-	-	-	-	-	-	-	-	-	1	-
HIV1.cut.id_AY560107.1	1427.3	-	-	-	-	-	-	-	-	1	-
HIV1.cut.id_AY560108.1	-	-	-	-	-	-	-	-	-	1	-
HIV1.cut.id_AY560109.1	-	-	-	-	-	-	-	-	-	1	-
HIV1.cut.id_AY560110.1	-	-	-	-	-	-	-	-	-	1	-
HIV1.cut.id_AY585264.1	1125.97	-	-	-	-	-	-	-	-	1	-
HIV1.cut.id_AY585265.1	-	-	-	-	-	-	-	-	-	1	-
HIV1.cut.id_AY585266.1	-	-	-	-	-	-	-	-	-	1	-
HIV1.cut.id_AY585267.1	-	-	-	-	-	-	-	-	-	1	-
HIV1.cut.id_AY585268.1	2460.85	-	-	-	-	-	-	-	-	1	-
HIV1.cut.id_AY586540.1	0.0	-	-	-	-	-	-	-	-	1	-
HIV1.cut.id_AY586541.1	-	-	-	-	-	-	-	-	-	1	-
HIV1.cut.id_AY586542.2	982.46	-	-	706.09	-	-	-	-	-	1	-
HIV1.cut.id_AY586543.2	-	-	-	4712.46	-	-	-	-	-	1	-
HIV1.cut.id_AY586544.2	3030.3	-	-	-	-	-	-	-	-	1	-
HIV1.cut.id_AY586545.2	2150.15	-	-	-	-	-	-	-	-	1	-
HIV1.cut.id_AY586546.1	4472.14	-	-	3870.39	-	-	-	-	-	1	-
HIV1.cut.id_AY586547.2	-	-	-	-	-	-	-	-	-	1	-
HIV1.cut.id_AY586548.2	2266.45	-	-	-	-	-	-	-	-	1	-
HIV1.cut.id_AY586549.2	-	-	-	-	-	-	-	-	-	1	-
HIV1.cut.id_AY588970.1	-	-	-	-	-	-	-	-	-	1	-
HIV1.cut.id_AY588971.1	-	-	-	-	-	-	-	-	-	1	-
HIV1.cut.id_AY612637.1	1682.91	-	-	3161.4	-	-	-	-	-	1	-
HIV1.cut.id_AY618998.1	-	-	-	-	-	-	-	-	-	1	-
HIV1.cut.id_AY623602.1	0.0	437.16	-	-	-	-	-	-	-	1	-
HIV1.cut.id_AY682547.1	5327.87	-	-	-	-	-	-	-	-	1	-
HIV1.cut.id_AY703908.1	4731.18	-	-	-	-	-	-	-	-	1	-
HIV1.cut.id_AY703909.1	-	-	-	-	-	-	-	-	-	1	-
HIV1.cut.id_AY703910.1	-	-	-	-	-	-	-	-	-	1	-
HIV1.cut.id_AY703911.1	-	-	-	-	-	-	-	-	-	1	-
HIV1.cut.id_AY751406.1	-	-	-	-	-	-	-	-	-	1	-
HIV1.cut.id_AY751407.1	-	-	-	-	-	-	-	-	-	1	-
HIV1.cut.id_AY771588.1	2300.0	-	-	-	-	-	-	-	-	1	-
HIV1.cut.id_AY771589.1	11624.44	-	-	-	-	-	-	-	-	1	-
HIV1.cut.id_AY771590.1	-	-	-	4117.65	-	-	-	-	-	1	-
HIV1.cut.id_AY771591.1	-	-	-	-	-	-	-	-	-	1	-
HIV1.cut.id_AY771592.1	-	-	-	-	-	-	-	-	-	1	-
HIV1.cut.id_AY771593.1	-	-	-	-	-	-	-	-	-	1	-
HIV1.cut.id_AY772535.1	-	-	-	-	-	-	-	-	-	1	-
HIV1.cut.id_AY772690.1	-	-	-	-	-	-	-	-	-	1	-
HIV1.cut.id_AY772691.1	-	-	-	-	-	-	-	-	-	1	-
HIV1.cut.id_AY772692.1	-	-	-	-	-	-	-	-	-	1	-
HIV1.cut.id_AY772693.1	441.7	-	-	-	-	-	-	-	-	1	-
HIV1.cut.id_AY772694.1	59.63	-	-	-	-	-	-	-	-	1	-
HIV1.cut.id_AY772695.1	-	-	-	-	-	-	-	-	-	1	-
HIV1.cut.id_AY772696.1	3571.43	-	-	-	-	-	-	-	-	1	-
HIV1.cut.id_AY772698.1	1146.13	-	-	-	-	-	-	-	-	1	-
HIV1.cut.id_AY772699.1	3561.83	-	-	-	-	-	-	-	-	1	-
HIV1.cut.id_AY772700.1	2739.73	-	-	-	-	-	-	-	-	1	-
HIV1.cut.id_AY773338.1	4925.05	-	-	-	-	-	-	-	-	1	-
HIV1.cut.id_AY773339.1	0.0	-	-	2047.24	-	-	-	-	-	1	-
HIV1.cut.id_AY773340.1	4347.83	-	-	-	3529.41	-	-	-	-	1	-
HIV1.cut.id_AY773341.1	-	-	-	-	-	-	-	-	-	1	-
HIV1.cut.id_AY779550.1	-	-	-	4150.58	-	-	-	-	-	1	-
HIV1.cut.id_AY779551.1	-	-	-	-	-	-	-	-	-	1	-
HIV1.cut.id_AY779552.1	4097.12	-	-	-	-	-	-	-	-	1	-
HIV1.cut.id_AY779553.1	1720.43	-	-	-	-	-	-	-	-	1	-
HIV1.cut.id_AY779554.1	-	-	-	-	-	-	-	-	-	1	-
HIV1.cut.id_AY779555.1	-	-	-	-	-	-	-	-	-	1	-
HIV1.cut.id_AY779556.1	-	-	-	-	-	-	-	-	-	1	-
HIV1.cut.id_AY779557.1	-	-	-	1466.28	-	-	-	-	-	1	-
HIV1.cut.id_AY779558.1	-	-	-	-	-	-	-	-	-	1	-
HIV1.cut.id_AY779559.1	1150.44	-	-	-	-	-	-	-	-	1	-
HIV1.cut.id_AY779560.1	2356.14	-	-	-	-	-	-	-	-	1	-
HIV1.cut.id_AY779561.1	4068.44	-	-	-	-	-	-	-	-	1	-
HIV1.cut.id_AY779562.1	3736.26	-	-	-	-	-	-	-	-	1	-
HIV1.cut.id_AY779563.1	1762.45	-	-	-	-	-	-	-	-	1	-
HIV1.cut.id_AY779564.1	-	2295.08	-	-	-	-	-	-	-	1	-
HIV1.cut.id_AY781125.1	-	-	-	3104.42	-	-	-	-	-	1	-
HIV1.cut.id_AY781126.1	-	-	-	-	-	-	-	-	-	1	-
HIV1.cut.id_AY781127.1	-	-	-	-	-	-	-	-	-	1	-
HIV1.cut.id_AY781128.1	-	-	-	-	-	-	-	-	-	1	-
HIV1.cut.id_AY805330.1	-	-	-	-	-	-	-	-	-	1	-
HIV1.cut.id_AY818641.1	-	-	-	-	-	-	-	-	-	1	-
HIV1.cut.id_AY818642.1	1308.41	-	-	-	-	-	-	-	-	1	-
HIV1.cut.id_AY818643.1	-	2713.18	-	1655.93	-	-	-	-	-	1	-
HIV1.cut.id_AY818644.1	-	-	-	-	-	-	-	-	-	1	-
HIV1.cut.id_AY819715.1	-	-	-	-	-	-	-	-	-	1	-
HIV1.cut.id_AY835748.1	2315.02	-	-	-	-	-	-	-	-	1	-
HIV1.cut.id_AY835749.1	2449.32	-	-	-	-	-	-	-	-	1	-
HIV1.cut.id_AY835750.1	-	-	-	-	-	-	-	-	-	1	-
HIV1.cut.id_AY835751.1	-	-	-	-	-	-	-	-	-	1	-
HIV1.cut.id_AY835753.1	-	-	-	-	-	-	-	-	-	1	-
HIV1.cut.id_AY835754.1	4895.96	-	-	-	-	-	-	-	-	1	-
HIV1.cut.id_AY835755.1	-	-	-	-	-	-	-	-	-	1	-
HIV1.cut.id_AY835756.1	862.56	-	-	-	-	-	-	-	-	1	-
HIV1.cut.id_AY835757.1	3007.85	-	-	-	-	-	-	-	-	1	-
HIV1.cut.id_AY835758.1	-	-	-	-	-	-	-	-	-	1	-
HIV1.cut.id_AY835759.1	1635.99	-	-	-	-	-	-	-	-	1	-
HIV1.cut.id_AY835760.1	3466.96	-	-	-	-	-	-	4491.27	-	1	-
HIV1.cut.id_AY835761.1	1558.65	-	-	-	-	-	-	-	-	1	-
HIV1.cut.id_AY835762.1	-	-	-	-	-	-	-	-	-	1	-
HIV1.cut.id_AY835763.1	-	3745.93	-	-	-	-	-	-	-	1	-
HIV1.cut.id_AY835764.1	4234.23	-	-	-	-	-	-	-	-	1	-
HIV1.cut.id_AY835765.1	2318.84	3396.23	-	-	-	-	-	-	-	1	-
HIV1.cut.id_AY835766.1	-	-	-	4087.19	-	-	-	-	-	1	-
HIV1.cut.id_AY835767.1	2332.98	-	-	-	-	-	-	-	-	1	-
HIV1.cut.id_AY835769.1	3687.45	-	-	-	-	-	-	-	-	1	-
HIV1.cut.id_AY835770.1	3329.44	-	-	-	-	-	-	-	-	1	-
HIV1.cut.id_AY835771.1	3580.56	-	-	-	-	-	-	-	-	1	-
HIV1.cut.id_AY835772.1	-	-	-	-	-	-	-	-	-	1	-
HIV1.cut.id_AY835773.1	-	-	-	-	-	-	-	-	-	1	-
HIV1.cut.id_AY835774.1	1479.29	-	-	-	-	-	-	-	-	1	-
HIV1.cut.id_AY835775.1	-	-	-	-	-	-	-	-	-	1	-
HIV1.cut.id_AY835776.1	-	-	-	-	-	-	-	-	-	1	-
HIV1.cut.id_AY835777.1	-	-	-	-	-	-	-	-	-	1	-
HIV1.cut.id_AY835778.1	4488.78	-	-	978.0	-	-	-	-	-	1	-
HIV1.cut.id_AY835779.1	4875.15	-	-	-	-	-	-	-	-	1	-
HIV1.cut.id_AY835780.1	-	-	-	-	-	-	-	-	-	1	-
HIV1.cut.id_AY835781.1	3987.73	-	-	4593.81	-	-	-	-	-	1	-
HIV1.cut.id_AY838565.1	833.83	-	-	-	-	-	-	-	-	1	-
HIV1.cut.id_AY838566.1	-	-	-	-	-	-	-	-	-	1	-
HIV1.cut.id_AY838567.1	1269.53	-	-	-	-	-	-	-	-	1	-
HIV1.cut.id_AY838568.1	401.43	-	-	-	-	-	-	-	-	1	-
HIV1.cut.id_AY878054.1	-	-	-	-	-	-	-	-	-	1	-
HIV1.cut.id_AY878055.1	-	-	-	-	-	-	-	-	-	1	-
HIV1.cut.id_AY878056.1	-	-	-	-	-	-	-	-	-	1	-
HIV1.cut.id_AY878057.1	4103.01	-	-	-	-	-	-	-	-	1	-
HIV1.cut.id_AY878058.1	-	-	-	-	-	-	-	-	-	1	-
HIV1.cut.id_AY878059.1	-	-	-	-	-	-	-	-	-	1	-
HIV1.cut.id_AY878060.1	-	-	-	-	-	-	-	-	-	1	-
HIV1.cut.id_AY878061.1	-	-	-	-	-	-	-	-	-	1	-
HIV1.cut.id_AY878062.1	-	-	-	-	-	-	-	-	-	1	-
HIV1.cut.id_AY878063.1	-	-	-	-	-	-	-	-	-	1	-
HIV1.cut.id_AY878064.1	1326.82	-	-	-	-	-	-	-	-	1	-
HIV1.cut.id_AY878065.1	-	-	-	-	-	-	-	-	-	1	-
HIV1.cut.id_AY878066.1	1854.91	-	-	-	-	-	-	-	-	1	-
HIV1.cut.id_AY878067.1	-	-	-	-	-	-	-	-	-	1	-
HIV1.cut.id_AY878068.1	2775.85	-	-	-	-	-	-	-	-	1	-
HIV1.cut.id_AY878070.1	-	-	-	-	-	-	-	-	-	1	-
HIV1.cut.id_AY878071.1	-	-	-	-	-	-	-	-	-	1	-
HIV1.cut.id_AY878072.1	-	-	-	-	-	-	-	-	-	1	-
HIV1.cut.id_AY882421.1	-	-	-	-	-	-	-	-	-	1	-
HIV1.cut.id_AY900571.2	4032.92	-	-	-	-	-	-	-	-	1	-
HIV1.cut.id_AY900572.2	243.01	-	-	-	-	-	-	-	-	1	-
HIV1.cut.id_AY900574.2	3740.88	-	-	-	-	-	-	-	-	1	-
HIV1.cut.id_AY900575.2	-	-	-	-	-	-	-	-	-	1	-
HIV1.cut.id_AY900576.2	-	-	-	-	-	-	-	-	-	1	-
HIV1.cut.id_AY901965.1	-	-	-	-	-	-	-	-	-	1	-
HIV1.cut.id_AY901966.1	-	-	-	-	-	-	-	-	-	1	-
HIV1.cut.id_AY901967.1	4030.71	-	-	-	-	-	-	-	-	1	-
HIV1.cut.id_AY901968.1	-	-	-	-	-	-	-	-	-	1	-
HIV1.cut.id_AY901969.1	2238.14	-	-	-	-	-	-	-	-	1	-
HIV1.cut.id_AY901970.1	-	-	-	-	-	-	-	-	-	1	-
HIV1.cut.id_AY901971.1	1600.75	-	-	2916.27	-	-	-	-	-	1	-
HIV1.cut.id_AY901972.1	-	-	-	-	-	-	-	-	-	1	-
HIV1.cut.id_AY901973.1	-	-	-	-	-	-	-	-	-	1	-
HIV1.cut.id_AY901974.1	-	-	-	4978.66	-	-	-	-	-	1	-
HIV1.cut.id_AY901975.1	2063.79	-	-	-	-	-	-	-	-	1	-
HIV1.cut.id_AY901976.1	3141.36	-	-	-	-	-	-	-	-	1	-
HIV1.cut.id_AY901977.1	3685.09	-	-	-	-	-	-	-	-	1	-
HIV1.cut.id_AY901978.1	3591.55	3554.5	-	-	-	-	-	-	-	1	-
HIV1.cut.id_AY901979.1	2192.98	-	-	-	-	-	-	-	-	1	-
HIV1.cut.id_AY901980.1	-	-	-	-	-	-	-	-	-	1	-
HIV1.cut.id_AY901981.1	-	-	-	-	-	-	-	-	-	1	-
HIV1.cut.id_AY945709.1	-	-	-	-	-	-	-	-	-	1	-
HIV1.cut.id_AY968312.1	-	-	-	-	-	-	-	-	-	1	-
HIV1.cut.id_AY970946.1	4043.72	-	-	-	-	-	-	-	-	1	-
HIV1.cut.id_AY970947.1	1181.74	-	-	-	-	-	-	-	-	1	-
HIV1.cut.id_AY970948.1	-	-	-	-	-	-	-	-	-	1	-
HIV1.cut.id_AY970949.1	2027.03	2070.39	-	-	-	-	-	-	-	1	-
HIV1.cut.id_AY970950.1	142.35	-	-	-	-	-	-	-	-	1	-
HIV1.cut.id_D10112.1	-	-	-	-	-	-	-	-	-	1	-
HIV1.cut.id_D86068.1	2162.55	-	-	-	-	-	-	-	-	1	-
HIV1.cut.id_D86069.1	-	-	-	5668.02	-	-	-	-	-	1	-
HIV1.cut.id_DD409979.1	-	-	-	4562.45	-	-	-	-	-	1	-
HIV1.cut.id_DQ007901.1	2686.57	-	-	-	-	-	-	-	-	1	-
HIV1.cut.id_DQ007902.1	2430.24	-	-	-	-	-	-	-	-	1	-
HIV1.cut.id_DQ007903.1	-	-	-	-	-	-	-	-	-	1	-
HIV1.cut.id_DQ011165.1	-	-	-	-	-	-	-	-	-	1	-
HIV1.cut.id_DQ011166.1	-	-	-	-	-	-	-	-	-	1	-
HIV1.cut.id_DQ011167.1	-	-	-	-	-	-	-	-	-	1	-
HIV1.cut.id_DQ011168.1	-	-	-	-	-	-	-	-	-	1	-
HIV1.cut.id_DQ011169.1	-	-	-	-	-	-	-	-	-	1	-
HIV1.cut.id_DQ011170.1	-	-	-	-	-	-	-	-	-	1	-
HIV1.cut.id_DQ011171.1	2204.53	-	-	-	-	-	-	-	-	1	-
HIV1.cut.id_DQ011172.1	-	-	-	-	-	-	-	-	-	1	-
HIV1.cut.id_DQ011173.1	-	-	-	-	-	-	-	-	-	1	-
HIV1.cut.id_DQ011174.1	0.0	-	-	-	-	-	-	-	-	1	-
HIV1.cut.id_DQ011175.1	3892.94	-	-	-	-	-	-	-	-	1	-
HIV1.cut.id_DQ011176.1	-	-	-	-	-	-	-	-	-	1	-
HIV1.cut.id_DQ011177.1	-	-	-	-	-	-	-	-	-	1	-
HIV1.cut.id_DQ011178.1	-	-	-	2178.22	-	-	-	-	-	1	-
HIV1.cut.id_DQ011179.1	-	-	-	-	-	-	-	-	-	1	-
HIV1.cut.id_DQ011180.1	-	-	-	-	-	-	-	-	-	1	-
HIV1.cut.id_DQ017382.1	-	-	-	-	-	-	-	-	-	1	-
HIV1.cut.id_DQ017383.1	-	-	-	-	-	-	-	-	-	1	-
HIV1.cut.id_DQ020274.2	4754.19	-	-	-	-	-	-	-	-	1	-
HIV1.cut.id_DQ054367.2	-	-	-	-	-	-	-	-	-	1	-
HIV1.cut.id_DQ056404.1	0.0	-	-	-	-	-	-	-	-	1	-
HIV1.cut.id_DQ056405.1	-	-	-	-	-	-	-	-	-	1	-
HIV1.cut.id_DQ056406.1	-	-	-	-	-	-	-	-	-	1	-
HIV1.cut.id_DQ056407.1	-	-	-	-	-	-	-	-	-	1	-
HIV1.cut.id_DQ056408.1	-	-	-	-	-	-	-	-	-	1	-
HIV1.cut.id_DQ056409.1	4722.55	-	-	-	-	-	-	-	-	1	-
HIV1.cut.id_DQ056410.1	-	-	-	-	-	-	-	-	-	1	-
HIV1.cut.id_DQ056411.1	3661.33	-	-	-	-	-	-	-	-	1	-
HIV1.cut.id_DQ056412.1	-	-	-	-	-	-	-	-	-	1	-
HIV1.cut.id_DQ056413.1	-	-	-	-	-	-	-	-	-	1	-
HIV1.cut.id_DQ056414.1	-	-	-	-	-	-	-	-	-	1	-
HIV1.cut.id_DQ056415.1	-	-	-	-	-	-	-	-	-	1	-
HIV1.cut.id_DQ056416.1	-	-	-	-	-	-	-	-	-	1	-
HIV1.cut.id_DQ056417.1	859.11	-	-	-	-	-	-	-	-	1	-
HIV1.cut.id_DQ056418.1	-	-	-	-	-	-	-	-	-	1	-
HIV1.cut.id_DQ083238.1	-	-	-	4952.38	-	-	-	-	-	1	-
HIV1.cut.id_DQ085867.1	-	-	-	4463.44	-	-	-	-	-	1	-
HIV1.cut.id_DQ085869.1	1108.03	-	-	-	-	-	-	-	-	1	-
HIV1.cut.id_DQ085870.1	-	3260.87	-	-	-	-	-	-	-	1	-
HIV1.cut.id_DQ085871.1	-	-	-	-	-	-	-	-	-	1	-
HIV1.cut.id_DQ085872.1	-	-	-	-	-	-	-	-	-	1	-
HIV1.cut.id_DQ085873.1	-	-	-	-	-	-	-	-	-	1	-
HIV1.cut.id_DQ085874.1	2933.33	5000.0	-	-	-	-	-	-	-	1	-
HIV1.cut.id_DQ085875.1	4871.26	-	-	-	-	-	-	-	-	1	-
HIV1.cut.id_DQ085876.1	2679.34	-	-	-	-	-	-	-	-	1	-
HIV1.cut.id_DQ093585.1	5662.58	-	-	4303.43	-	-	-	-	-	1	-
HIV1.cut.id_DQ093586.1	-	-	-	-	-	-	-	-	-	1	-
HIV1.cut.id_DQ093587.1	8056.87	-	-	-	-	-	-	-	-	1	-
HIV1.cut.id_DQ093588.1	-	-	-	-	-	-	-	-	-	1	-
HIV1.cut.id_DQ093589.1	3647.42	-	-	-	-	-	-	-	-	1	-
HIV1.cut.id_DQ093590.1	-	-	-	-	-	-	-	-	-	1	-
HIV1.cut.id_DQ093591.1	-	-	-	-	-	-	-	-	-	1	-
HIV1.cut.id_DQ093592.1	-	-	-	4971.32	-	-	-	-	-	1	-
HIV1.cut.id_DQ093593.1	-	-	-	-	-	-	-	-	-	1	-
HIV1.cut.id_DQ093594.1	3049.33	-	-	-	-	-	-	-	-	1	-
HIV1.cut.id_DQ093595.1	-	-	-	-	-	-	-	-	-	1	-
HIV1.cut.id_DQ093596.1	3043.48	-	-	-	-	-	-	-	-	1	-
HIV1.cut.id_DQ093597.1	-	-	-	-	-	-	-	-	-	1	-
HIV1.cut.id_DQ093598.1	0.0	-	-	-	-	-	-	-	-	1	-
HIV1.cut.id_DQ093599.1	-	-	-	-	-	-	-	-	-	1	-
HIV1.cut.id_DQ093600.1	-	-	-	-	-	-	-	-	-	1	-
HIV1.cut.id_DQ093601.1	4399.7	-	-	-	-	-	-	-	-	1	-
HIV1.cut.id_DQ093602.1	-	-	-	-	-	-	-	-	-	1	-
HIV1.cut.id_DQ093603.1	0.0	-	-	-	-	-	-	-	-	1	-
HIV1.cut.id_DQ093604.1	-	3957.78	-	-	-	-	-	-	-	1	-
HIV1.cut.id_DQ093605.1	1396.88	-	-	-	-	-	-	-	-	1	-
HIV1.cut.id_DQ093606.1	3679.85	-	-	-	-	-	-	-	-	1	-
HIV1.cut.id_DQ093607.1	-	-	-	-	-	-	-	-	-	1	-
HIV1.cut.id_DQ164104.1	1880.88	-	-	-	-	-	-	-	-	1	-
HIV1.cut.id_DQ164105.1	-	-	-	-	-	-	-	-	-	1	-
HIV1.cut.id_DQ164106.1	-	-	-	-	-	-	-	-	-	1	-
HIV1.cut.id_DQ164107.1	-	-	-	4161.07	-	-	-	-	-	1	-
HIV1.cut.id_DQ164108.1	-	-	-	-	-	-	-	-	-	1	-
HIV1.cut.id_DQ164109.1	-	4651.16	-	-	-	-	-	-	-	1	-
HIV1.cut.id_DQ164110.1	-	-	-	232.56	-	-	-	-	-	1	-
HIV1.cut.id_DQ164111.1	2572.98	-	-	-	-	-	-	-	-	1	-
HIV1.cut.id_DQ164112.1	-	-	-	-	-	-	-	-	-	1	-
HIV1.cut.id_DQ164113.1	-	-	-	-	-	-	-	-	-	1	-
HIV1.cut.id_DQ164114.1	3083.92	-	-	-	-	-	-	-	-	1	-
HIV1.cut.id_DQ164115.1	-	-	-	-	-	-	-	-	-	1	-
HIV1.cut.id_DQ164116.1	3355.7	-	-	-	-	-	-	-	-	1	-
HIV1.cut.id_DQ164117.1	1169.59	-	-	-	-	-	-	-	-	1	-
HIV1.cut.id_DQ164118.1	-	-	-	-	-	-	-	-	-	1	-
HIV1.cut.id_DQ164119.1	-	-	-	-	-	-	-	-	-	1	-
HIV1.cut.id_DQ164120.1	-	-	-	-	-	-	-	-	-	1	-
HIV1.cut.id_DQ164121.1	-	-	-	-	-	-	-	-	-	1	-
HIV1.cut.id_DQ164122.1	-	-	-	-	-	-	-	-	-	1	-
HIV1.cut.id_DQ164123.1	-	-	-	-	-	-	-	-	-	1	-
HIV1.cut.id_DQ164124.1	1229.9	-	-	-	-	-	-	-	-	1	-
HIV1.cut.id_DQ164125.1	-	-	-	2538.07	-	-	-	-	-	1	-
HIV1.cut.id_DQ164126.1	-	-	-	-	-	-	-	-	-	1	-
HIV1.cut.id_DQ164127.1	3436.43	-	-	-	-	-	-	-	-	1	-
HIV1.cut.id_DQ164128.1	2071.01	-	-	-	-	-	-	-	-	1	-
HIV1.cut.id_DQ164129.1	-	-	-	-	-	-	-	-	-	1	-
HIV1.cut.id_DQ207942.1	1047.62	-	-	2919.71	-	-	-	-	-	1	-
HIV1.cut.id_DQ207943.1	2731.35	-	-	-	-	-	-	-	-	1	-
HIV1.cut.id_DQ230841.1	3176.28	-	-	-	-	-	-	-	-	1	-
HIV1.cut.id_DQ234790.1	-	-	-	-	-	-	-	-	-	1	-
HIV1.cut.id_DQ295192.1	2105.98	-	-	3743.32	-	-	-	-	-	1	-
HIV1.cut.id_DQ295193.1	1851.85	-	-	-	-	-	-	-	-	1	-
HIV1.cut.id_DQ295194.1	-	-	-	-	-	-	-	-	-	1	-
HIV1.cut.id_DQ295195.2	-	-	-	-	-	-	-	-	-	1	-
HIV1.cut.id_DQ295196.3	-	-	-	-	-	-	-	-	-	1	-
HIV1.cut.id_DQ314731.1	-	-	-	-	-	-	-	-	-	1	-
HIV1.cut.id_DQ314732.1	-	-	-	-	-	-	-	-	-	1	-
HIV1.cut.id_DQ322239.1	-	-	-	-	-	-	-	-	-	1	-
HIV1.cut.id_DQ351216.1	2955.67	-	-	-	-	-	-	-	-	1	-
HIV1.cut.id_DQ351217.1	-	-	-	-	-	-	-	-	-	1	-
HIV1.cut.id_DQ351218.1	-	-	-	-	-	-	-	-	-	1	-
HIV1.cut.id_DQ351219.1	-	-	-	-	-	-	-	-	-	1	-
HIV1.cut.id_DQ351220.1	2993.7	-	-	-	-	-	-	-	-	1	-
HIV1.cut.id_DQ351221.1	4079.86	-	-	-	-	-	-	-	-	1	-
HIV1.cut.id_DQ351222.1	2285.71	-	-	-	-	-	-	-	-	1	-
HIV1.cut.id_DQ351223.1	-	-	-	-	-	-	-	-	-	1	-
HIV1.cut.id_DQ351224.1	1162.79	-	-	-	-	-	-	-	-	1	-
HIV1.cut.id_DQ351225.1	-	-	-	-	-	-	-	-	-	1	-
HIV1.cut.id_DQ351226.1	1921.23	-	-	-	-	-	-	-	-	1	-
HIV1.cut.id_DQ351227.1	-	-	-	-	-	-	-	-	-	1	-
HIV1.cut.id_DQ351228.1	-	-	-	-	-	-	-	-	-	1	-
HIV1.cut.id_DQ351229.1	-	-	-	-	-	-	-	-	-	1	-
HIV1.cut.id_DQ351230.1	1426.87	-	-	-	-	-	-	-	-	1	-
HIV1.cut.id_DQ351231.1	-	-	-	-	-	-	-	-	-	1	-
HIV1.cut.id_DQ351232.1	-	-	-	-	-	-	-	-	-	1	-
HIV1.cut.id_DQ351233.1	-	-	-	-	-	-	-	-	-	1	-
HIV1.cut.id_DQ351234.1	-	-	-	-	-	-	-	-	-	1	-
HIV1.cut.id_DQ351235.1	5505.14	-	-	-	-	-	-	-	-	1	-
HIV1.cut.id_DQ351236.1	-	-	-	-	-	-	-	-	-	1	-
HIV1.cut.id_DQ351237.1	-	-	-	-	-	-	-	-	-	1	-
HIV1.cut.id_DQ351238.1	-	-	-	-	-	-	-	-	-	1	-
HIV1.cut.id_DQ354116.1	2712.48	-	-	-	-	-	-	-	-	1	-
HIV1.cut.id_DQ354118.1	-	-	-	-	-	-	-	-	-	1	-
HIV1.cut.id_DQ354123.1	3586.07	-	-	-	-	-	-	-	-	1	-
HIV1.cut.id_DQ358799.1	-	-	-	-	-	-	-	-	-	1	-
HIV1.cut.id_DQ358800.1	887.81	-	-	-	-	-	-	-	-	1	-
HIV1.cut.id_DQ358801.1	-	-	-	-	-	-	-	-	-	1	-
HIV1.cut.id_DQ358802.1	1417.67	-	-	-	-	-	-	-	-	1	-
HIV1.cut.id_DQ358803.1	-	-	-	-	-	-	-	-	-	1	-
HIV1.cut.id_DQ358804.1	-	-	-	-	-	-	-	-	-	1	-
HIV1.cut.id_DQ358805.1	-	-	-	-	-	-	-	-	-	1	-
HIV1.cut.id_DQ358806.1	-	-	-	-	-	-	-	-	-	1	-
HIV1.cut.id_DQ358807.1	3023.39	-	-	-	-	-	-	-	-	1	-
HIV1.cut.id_DQ358808.1	-	-	-	-	-	-	-	-	-	1	-
HIV1.cut.id_DQ358809.1	-	-	-	-	-	-	-	-	-	1	-
HIV1.cut.id_DQ358810.1	-	-	-	-	-	-	-	-	-	1	-
HIV1.cut.id_DQ358811.1	-	-	-	-	-	-	-	-	-	1	-
HIV1.cut.id_DQ358812.1	-	-	-	-	-	-	-	-	-	1	-
HIV1.cut.id_DQ366659.1	961.54	-	-	-	-	-	-	-	-	1	-
HIV1.cut.id_DQ366660.1	2662.72	-	-	-	-	-	-	-	-	1	-
HIV1.cut.id_DQ366661.1	1306.24	-	-	-	-	-	-	-	-	1	-
HIV1.cut.id_DQ366662.1	-	-	-	-	-	-	-	-	-	1	-
HIV1.cut.id_DQ366663.1	-	-	-	-	-	-	-	-	-	1	-
HIV1.cut.id_DQ366664.1	-	-	-	-	-	-	-	-	-	1	-
HIV1.cut.id_DQ366665.1	-	-	-	-	-	-	-	-	-	1	-
HIV1.cut.id_DQ366666.1	4075.24	-	-	-	-	-	-	-	-	1	-
HIV1.cut.id_DQ369976.1	0.0	-	-	-	-	-	-	-	-	1	-
HIV1.cut.id_DQ369977.1	-	-	-	-	-	-	-	-	-	1	-
HIV1.cut.id_DQ369978.1	-	-	-	-	-	-	-	-	-	1	-
HIV1.cut.id_DQ369979.1	-	1944.44	-	-	-	-	-	-	-	1	-
HIV1.cut.id_DQ369980.1	0.0	-	-	-	-	-	-	-	-	1	-
HIV1.cut.id_DQ369981.1	-	-	-	-	-	-	-	-	-	1	-
HIV1.cut.id_DQ369982.1	-	-	-	-	-	-	-	-	-	1	-
HIV1.cut.id_DQ369983.1	-	-	-	-	-	-	-	-	-	1	-
HIV1.cut.id_DQ369984.1	-	-	-	-	-	-	-	-	-	1	-
HIV1.cut.id_DQ369985.1	3846.15	-	-	-	-	-	-	-	-	1	-
HIV1.cut.id_DQ369986.1	4628.1	-	-	-	-	-	-	-	-	1	-
HIV1.cut.id_DQ369987.1	1322.75	-	-	-	-	-	-	-	-	1	-
HIV1.cut.id_DQ369988.1	4016.91	-	-	-	-	-	-	-	-	1	-
HIV1.cut.id_DQ369989.1	-	-	-	-	-	-	-	-	-	1	-
HIV1.cut.id_DQ369990.1	-	-	-	-	-	-	-	-	-	1	-
HIV1.cut.id_DQ369991.1	-	-	-	-	-	-	-	-	-	1	-
HIV1.cut.id_DQ369992.1	2388.31	-	-	-	-	-	-	-	-	1	-
HIV1.cut.id_DQ369993.1	-	-	-	-	-	-	-	-	-	1	-
HIV1.cut.id_DQ369994.1	-	-	-	-	-	-	-	-	-	1	-
HIV1.cut.id_DQ369995.1	974.66	-	-	-	-	-	-	-	-	1	-
HIV1.cut.id_DQ369996.1	-	-	-	-	-	-	-	-	-	1	-
HIV1.cut.id_DQ369997.1	-	-	-	-	-	-	-	-	-	1	-
HIV1.cut.id_DQ369998.1	-	-	-	-	-	-	-	-	-	1	-
HIV1.cut.id_DQ383746.1	-	-	-	-	-	-	-	-	-	1	-
HIV1.cut.id_DQ383750.1	-	-	-	-	-	-	-	-	-	1	-
HIV1.cut.id_DQ396364.1	-	-	-	-	-	-	-	-	-	1	-
HIV1.cut.id_DQ396365.1	1761.01	-	-	-	-	-	-	-	-	1	-
HIV1.cut.id_DQ396366.1	3842.55	-	-	-	-	-	-	-	-	1	-
HIV1.cut.id_DQ396367.1	3882.2	-	-	-	-	-	-	-	-	1	-
HIV1.cut.id_DQ396368.1	2583.98	-	-	-	-	-	-	-	-	1	-
HIV1.cut.id_DQ396369.1	-	-	-	-	-	-	-	-	-	1	-
HIV1.cut.id_DQ396370.1	-	-	-	-	-	-	-	-	-	1	-
HIV1.cut.id_DQ396371.1	4018.91	-	-	-	-	-	-	-	-	1	-
HIV1.cut.id_DQ396372.1	2218.7	-	-	-	-	-	-	-	-	1	-
HIV1.cut.id_DQ396373.1	-	-	-	-	-	-	-	-	-	1	-
HIV1.cut.id_DQ396374.1	2937.85	-	-	-	-	-	-	-	-	1	-
HIV1.cut.id_DQ396375.1	-	-	-	-	-	-	-	-	-	1	-
HIV1.cut.id_DQ396376.1	-	-	-	-	-	-	-	-	-	1	-
HIV1.cut.id_DQ396377.1	0.0	4458.6	-	-	-	-	-	-	-	1	-
HIV1.cut.id_DQ396378.1	-	-	-	-	-	-	-	-	-	1	-
HIV1.cut.id_DQ396380.1	-	-	-	1754.39	-	-	-	-	-	1	-
HIV1.cut.id_DQ396381.1	-	-	-	-	-	-	-	-	-	1	-
HIV1.cut.id_DQ396382.1	-	-	-	-	-	-	-	-	-	1	-
HIV1.cut.id_DQ396383.1	4095.11	-	-	-	-	-	-	-	-	1	-
HIV1.cut.id_DQ396384.1	-	-	-	-	-	-	-	-	-	1	-
HIV1.cut.id_DQ396385.1	-	-	-	-	-	-	-	-	-	1	-
HIV1.cut.id_DQ396386.1	-	-	-	-	-	-	-	-	-	1	-
HIV1.cut.id_DQ396387.1	-	-	-	-	-	-	-	-	-	1	-
HIV1.cut.id_DQ396388.1	-	-	-	-	-	-	-	-	-	1	-
HIV1.cut.id_DQ396389.1	0.0	-	-	-	-	-	-	-	-	1	-
HIV1.cut.id_DQ396390.1	-	-	-	-	-	-	-	-	-	1	-
HIV1.cut.id_DQ396391.1	-	-	-	-	-	-	-	-	-	1	-
HIV1.cut.id_DQ396392.1	2483.29	-	-	-	-	-	-	-	-	1	-
HIV1.cut.id_DQ396393.1	0.0	-	-	-	-	-	-	-	-	1	-
HIV1.cut.id_DQ396394.1	-	-	-	-	-	-	-	-	-	1	-
HIV1.cut.id_DQ396395.1	-	-	-	-	-	-	-	-	-	1	-
HIV1.cut.id_DQ396396.1	-	-	-	-	-	-	-	-	-	1	-
HIV1.cut.id_DQ396397.1	-	-	-	4150.94	-	-	-	-	-	1	-
HIV1.cut.id_DQ396398.1	-	-	-	-	-	-	-	-	-	1	-
HIV1.cut.id_DQ396399.1	-	-	-	-	-	-	-	-	-	1	-
HIV1.cut.id_DQ396400.1	-	-	-	-	-	-	-	-	-	1	-
HIV1.cut.id_DQ400856.1	1341.97	-	-	1901.14	3700.1	-	-	-	-	1	-
HIV1.cut.id_DQ445631.1	3584.56	-	-	-	-	-	-	-	-	1	-
HIV1.cut.id_DQ445632.1	-	-	-	-	-	-	-	-	-	1	-
HIV1.cut.id_DQ445633.1	-	-	-	-	-	-	-	-	-	1	-
HIV1.cut.id_DQ445634.1	-	-	-	-	-	-	-	-	-	1	-
HIV1.cut.id_DQ445635.1	4561.4	-	-	-	-	-	-	-	-	1	-
HIV1.cut.id_DQ445636.1	-	-	-	-	-	-	-	-	-	1	-
HIV1.cut.id_DQ445637.1	-	-	-	3225.81	-	-	-	-	-	1	-
HIV1.cut.id_DQ487188.1	-	-	-	-	-	-	-	-	-	1	-
HIV1.cut.id_DQ487189.1	2327.04	-	-	2352.94	-	-	-	-	-	1	-
HIV1.cut.id_DQ487190.1	1807.23	-	-	-	-	-	-	-	-	1	-
HIV1.cut.id_DQ487191.1	4609.93	-	-	-	-	-	-	-	-	1	-
HIV1.cut.id_DQ676870.1	-	-	-	-	-	-	-	-	-	1	-
HIV1.cut.id_DQ676871.1	-	-	-	-	-	-	-	-	-	1	-
HIV1.cut.id_DQ676872.1	1602.56	-	-	-	-	-	-	-	-	1	-
HIV1.cut.id_DQ676873.1	-	-	-	-	-	-	-	-	-	1	-
HIV1.cut.id_DQ676874.1	-	-	-	-	-	-	-	-	-	1	-
HIV1.cut.id_DQ676875.1	-	-	-	-	-	-	-	-	-	1	-
HIV1.cut.id_DQ676876.1	1659.06	-	-	-	-	-	-	-	-	1	-
HIV1.cut.id_DQ676877.1	-	-	-	-	-	-	-	-	-	1	-
HIV1.cut.id_DQ676878.1	955.11	-	-	-	-	-	-	-	-	1	-
HIV1.cut.id_DQ676879.1	-	-	-	-	-	-	-	-	-	1	-
HIV1.cut.id_DQ676880.1	-	-	-	3129.66	-	-	-	-	-	1	-
HIV1.cut.id_DQ676881.1	-	-	-	-	-	-	-	-	-	1	-
HIV1.cut.id_DQ676882.1	0.0	-	-	-	-	-	-	-	-	1	-
HIV1.cut.id_DQ676883.1	-	-	-	-	-	-	-	-	-	1	-
HIV1.cut.id_DQ676884.1	-	-	-	-	-	-	-	-	-	1	-
HIV1.cut.id_DQ676885.1	-	-	-	-	-	-	-	-	-	1	-
HIV1.cut.id_DQ676886.1	1047.12	-	-	-	-	-	-	-	-	1	-
HIV1.cut.id_DQ676887.1	2439.02	-	-	-	-	-	-	-	-	1	-
HIV1.cut.id_DQ823367.1	-	-	-	-	-	-	-	-	-	1	-
HIV1.cut.id_DQ837381.1	-	-	-	-	-	-	-	-	-	1	-
HIV1.cut.id_DQ845386.1	-	-	-	-	-	-	-	-	-	1	-
HIV1.cut.id_DQ845387.1	1443.39	14434.78	-	-	-	-	-	-	-	1	-
HIV1.cut.id_DQ845388.1	-	2719.03	-	-	-	-	-	-	-	1	-
HIV1.cut.id_DQ853436.1	3626.81	-	-	-	-	-	-	-	-	1	-
HIV1.cut.id_DQ853437.1	1331.26	-	-	-	-	-	-	-	-	1	-
HIV1.cut.id_DQ853438.1	5257.25	-	-	1234.16	-	-	-	-	-	1	-
HIV1.cut.id_DQ853439.1	2111.23	-	-	-	-	-	-	-	-	1	-
HIV1.cut.id_DQ853440.1	-	-	-	-	-	-	-	-	-	1	-
HIV1.cut.id_DQ853441.1	2348.34	-	-	-	-	-	-	-	-	1	-
HIV1.cut.id_DQ853442.1	3579.84	-	-	-	-	-	-	-	-	1	-
HIV1.cut.id_DQ853443.1	3155.22	-	-	-	-	-	-	-	-	1	-
HIV1.cut.id_DQ853444.1	7509.34	-	-	-	-	-	-	-	-	1	-
HIV1.cut.id_DQ853445.1	3598.67	-	-	-	-	-	-	-	-	1	-
HIV1.cut.id_DQ853446.1	3800.86	-	-	-	-	-	-	-	-	1	-
HIV1.cut.id_DQ853447.1	2142.26	-	-	2954.81	-	-	-	-	-	1	-
HIV1.cut.id_DQ853448.1	1803.28	-	-	-	-	-	-	-	-	1	-
HIV1.cut.id_DQ853449.1	1526.23	-	-	-	-	-	-	-	-	1	-
HIV1.cut.id_DQ853450.1	2769.46	-	-	-	-	-	-	-	-	1	-
HIV1.cut.id_DQ853451.1	1073.45	-	-	-	-	-	-	-	-	1	-
HIV1.cut.id_DQ853452.1	2520.0	-	-	-	-	-	-	-	-	1	-
HIV1.cut.id_DQ853453.1	-	1277.37	-	-	-	-	-	-	-	1	-
HIV1.cut.id_DQ853454.1	-	-	-	-	-	-	-	-	-	1	-
HIV1.cut.id_DQ853455.1	1859.31	-	-	1596.11	-	-	-	-	-	1	-
HIV1.cut.id_DQ853456.1	1362.53	-	-	-	-	-	-	-	-	1	-
HIV1.cut.id_DQ853457.1	2800.8	-	-	-	-	-	-	-	-	1	-
HIV1.cut.id_DQ853458.1	820.9	-	-	-	-	-	-	-	-	1	-
HIV1.cut.id_DQ853459.1	403.23	-	-	-	-	-	-	-	-	1	-
HIV1.cut.id_DQ853460.1	2892.81	2179.6	-	-	-	-	-	-	-	1	-
HIV1.cut.id_DQ853461.1	6281.83	-	-	-	-	-	-	-	-	1	-
HIV1.cut.id_DQ853462.1	2544.25	-	-	-	-	-	-	-	-	1	-
HIV1.cut.id_DQ853463.1	218.5	-	-	-	-	-	-	-	-	1	-
HIV1.cut.id_DQ853464.1	1353.55	1094.89	-	-	-	-	-	-	-	1	-
HIV1.cut.id_DQ853465.1	-	3592.81	-	-	-	-	-	-	-	1	-
HIV1.cut.id_DQ854714.1	911.0	-	-	-	-	-	-	-	-	1	-
HIV1.cut.id_DQ854715.1	4162.54	-	-	-	-	-	-	-	-	1	-
HIV1.cut.id_DQ854716.1	-	-	-	-	-	-	-	-	-	1	-
HIV1.cut.id_DQ859178.1	-	-	-	-	-	-	-	-	-	1	-
HIV1.cut.id_DQ859179.1	3430.53	-	-	-	-	-	-	-	-	1	-
HIV1.cut.id_DQ859180.1	6107.63	-	-	-	-	-	-	-	-	1	-
HIV1.cut.id_DQ886031.1	-	-	-	-	-	-	-	-	-	1	-
HIV1.cut.id_DQ886032.1	-	-	-	-	-	-	-	-	-	1	-
HIV1.cut.id_DQ886033.1	0.0	-	-	-	-	-	-	-	-	1	-
HIV1.cut.id_DQ886034.1	-	-	-	-	-	-	-	-	-	1	-
HIV1.cut.id_DQ886035.1	-	-	-	-	-	-	-	-	-	1	-
HIV1.cut.id_DQ886036.1	-	-	-	-	-	-	-	-	-	1	-
HIV1.cut.id_DQ886037.1	-	-	-	-	-	-	-	-	-	1	-
HIV1.cut.id_DQ886038.1	-	-	-	-	2702.7	-	-	-	-	1	-
HIV1.cut.id_DQ912822.1	-	3501.95	-	-	-	-	-	-	-	1	-
HIV1.cut.id_DQ912823.1	-	-	-	-	-	-	-	-	-	1	-
HIV1.cut.id_DQ978981.1	-	4017.86	-	-	-	-	-	-	-	1	-
HIV1.cut.id_DQ979023.1	-	-	-	-	-	-	-	-	-	1	-
HIV1.cut.id_DQ979024.1	529.1	-	-	-	-	-	-	-	-	1	-
HIV1.cut.id_DQ979025.1	3546.1	-	-	-	-	-	-	-	-	1	-
HIV1.cut.id_DQ990880.1	-	-	-	-	-	-	-	-	-	1	-
HIV1.cut.id_EF029066.1	3763.44	-	-	-	-	-	-	-	-	1	-
HIV1.cut.id_EF029067.1	1686.97	-	-	-	-	-	-	-	-	1	-
HIV1.cut.id_EF029068.1	3354.68	-	-	2339.18	-	-	-	-	-	1	-
HIV1.cut.id_EF029069.1	555.56	-	-	-	-	-	-	-	-	1	-
HIV1.cut.id_EF036527.1	-	3913.89	-	-	-	-	-	-	-	1	-
HIV1.cut.id_EF036528.1	3796.95	-	-	-	-	-	-	-	-	1	-
HIV1.cut.id_EF036529.1	-	-	-	-	-	-	-	-	-	1	-
HIV1.cut.id_EF036530.1	-	-	-	-	-	-	-	-	-	1	-
HIV1.cut.id_EF036531.1	-	-	-	-	-	-	-	-	-	1	-
HIV1.cut.id_EF036532.1	-	-	-	-	-	-	-	-	-	1	-
HIV1.cut.id_EF036533.1	1324.83	-	-	-	-	-	-	-	-	1	-
HIV1.cut.id_EF036534.1	2678.57	-	-	-	-	-	-	-	-	1	-
HIV1.cut.id_EF036535.1	-	-	-	-	-	-	-	-	-	1	-
HIV1.cut.id_EF036536.1	794.91	-	-	-	-	-	-	-	-	1	-
HIV1.cut.id_EF057102.2	-	-	-	-	-	-	-	-	-	1	-
HIV1.cut.id_EF078278.2	2350.52	-	-	-	-	-	-	-	-	1	-
HIV1.cut.id_EF078279.2	-	-	-	-	-	-	-	-	-	1	-
HIV1.cut.id_EF091932.1	-	-	-	-	-	-	-	-	-	1	-
HIV1.cut.id_EF175209.1	877.67	-	-	2783.11	-	-	-	-	-	1	-
HIV1.cut.id_EF175210.1	1414.31	-	-	-	-	-	-	-	-	1	-
HIV1.cut.id_EF175211.1	557.32	-	-	-	898.47	-	-	-	-	1	-
HIV1.cut.id_EF175212.1	1014.88	-	-	2305.48	-	-	-	-	-	1	-
HIV1.cut.id_EF178323.1	-	-	-	-	-	-	-	-	-	1	-
HIV1.cut.id_EF178358.1	-	-	-	-	-	-	-	-	-	1	-
HIV1.cut.id_EF178366.1	-	-	-	-	-	-	-	-	-	1	-
HIV1.cut.id_EF178405.1	-	-	-	-	-	-	-	-	-	1	-
HIV1.cut.id_EF192591.1	2209.94	-	-	-	-	-	-	-	-	1	-
HIV1.cut.id_EF192592.1	3173.69	3056.03	-	1570.25	-	-	-	-	-	1	-
HIV1.cut.id_EF363122.1	2529.18	-	-	-	-	-	-	-	-	1	-
HIV1.cut.id_EF363123.1	2210.95	-	-	-	-	-	-	-	-	1	-
HIV1.cut.id_EF363124.1	-	-	-	3693.44	-	-	-	-	-	1	-
HIV1.cut.id_EF363125.1	297.62	-	-	-	-	-	-	-	-	1	-
HIV1.cut.id_EF363126.1	2803.74	-	-	-	-	-	-	-	-	1	-
HIV1.cut.id_EF363127.1	-	-	-	-	-	-	-	-	-	1	-
HIV1.cut.id_EF368370.1	1754.39	-	-	3649.64	-	-	-	-	-	1	-
HIV1.cut.id_EF368371.1	-	-	-	-	-	-	-	-	-	1	-
HIV1.cut.id_EF368372.1	1976.01	-	-	-	-	-	-	-	-	1	-
HIV1.cut.id_EF420986.1	781.25	-	-	-	-	-	-	-	-	1	-
HIV1.cut.id_EF420987.1	1214.22	-	-	-	-	-	-	-	-	1	-
HIV1.cut.id_EF469243.2	-	-	-	-	-	-	-	-	-	1	-
HIV1.cut.id_EF495062.1	3012.55	-	-	-	-	-	-	-	-	1	-
HIV1.cut.id_EF514697.1	-	-	-	-	-	-	-	-	-	1	-
HIV1.cut.id_EF514698.1	-	4545.45	-	-	-	-	-	-	-	1	-
HIV1.cut.id_EF514699.1	-	-	-	-	-	-	-	-	-	1	-
HIV1.cut.id_EF514700.1	-	-	-	-	-	-	-	-	-	1	-
HIV1.cut.id_EF514701.1	5000.0	-	-	-	-	-	-	-	-	1	-
HIV1.cut.id_EF514702.1	-	-	-	-	-	-	-	-	-	1	-
HIV1.cut.id_EF514703.1	-	-	-	-	-	-	-	-	-	1	-
HIV1.cut.id_EF514704.1	-	-	-	-	-	-	-	-	-	1	-
HIV1.cut.id_EF514705.1	0.0	-	-	-	-	-	-	-	-	1	-
HIV1.cut.id_EF514706.1	-	-	-	-	-	-	-	-	-	1	-
HIV1.cut.id_EF514707.1	-	-	-	-	-	-	-	-	-	1	-
HIV1.cut.id_EF514708.1	1047.62	-	-	-	-	-	-	-	-	1	-
HIV1.cut.id_EF514709.1	-	-	-	-	-	-	-	-	-	1	-
HIV1.cut.id_EF514710.1	-	-	-	-	-	-	-	-	-	1	-
HIV1.cut.id_EF514711.1	-	-	-	-	-	-	-	-	-	1	-
HIV1.cut.id_EF514712.1	-	-	-	-	-	-	-	-	-	1	-
HIV1.cut.id_EF514713.1	-	-	-	-	-	-	-	-	-	1	-
HIV1.cut.id_EF545108.1	4858.76	-	-	-	-	-	-	-	-	1	-
HIV1.cut.id_EF633445.1	-	-	-	-	-	-	-	-	-	1	-
HIV1.cut.id_EF637046.1	-	-	-	-	-	-	-	-	-	1	-
HIV1.cut.id_EF637047.1	-	-	-	-	-	-	-	-	-	1	-
HIV1.cut.id_EF637048.1	-	-	-	-	-	-	-	-	-	1	-
HIV1.cut.id_EF637049.1	-	-	-	-	-	-	-	-	-	1	-
HIV1.cut.id_EF637050.1	3316.9	-	-	-	-	-	-	-	-	1	-
HIV1.cut.id_EF637051.1	5118.11	-	-	-	-	-	-	-	-	1	-
HIV1.cut.id_EF637052.1	-	-	-	-	-	-	-	-	-	1	-
HIV1.cut.id_EF637053.1	-	-	-	-	-	-	-	-	-	1	-
HIV1.cut.id_EF637054.1	-	-	-	-	-	-	-	-	-	1	-
HIV1.cut.id_EF637055.1	-	-	-	-	-	-	-	-	-	1	-
HIV1.cut.id_EF637056.1	2197.8	-	-	-	-	-	-	-	-	1	-
HIV1.cut.id_EF637057.1	-	-	-	4787.96	-	-	-	-	-	1	-
HIV1.cut.id_EU000506.1	2260.4	-	-	-	-	-	-	-	-	1	-
HIV1.cut.id_EU000507.1	1592.83	-	-	-	-	-	-	-	-	1	-
HIV1.cut.id_EU000508.1	2566.19	-	-	-	-	-	-	-	-	1	-
HIV1.cut.id_EU000509.1	2720.0	-	-	3099.51	-	-	-	-	-	1	-
HIV1.cut.id_EU000510.1	2696.95	-	-	-	-	-	-	-	-	1	-
HIV1.cut.id_EU000511.1	2016.69	-	-	-	-	-	-	-	-	1	-
HIV1.cut.id_EU000512.1	2193.38	-	-	-	-	-	-	-	-	1	-
HIV1.cut.id_EU000513.1	3928.81	-	-	0.0	-	-	-	-	-	1	-
HIV1.cut.id_EU000514.1	-	1063.83	-	-	-	-	-	-	-	1	-
HIV1.cut.id_EU000515.1	-	-	-	0.0	-	-	-	-	-	1	-
HIV1.cut.id_EU000516.1	2889.67	-	-	-	-	-	-	-	-	1	-
HIV1.cut.id_EU031913.1	-	-	-	-	-	-	-	-	-	1	-
HIV1.cut.id_EU031914.1	1717.56	-	-	-	-	-	-	-	-	1	-
HIV1.cut.id_EU031915.1	-	-	-	-	-	-	-	-	-	1	-
HIV1.cut.id_EU110085.1	2564.1	-	-	-	-	-	-	-	-	1	-
HIV1.cut.id_EU110086.1	4982.42	-	-	-	-	-	-	-	-	1	-
HIV1.cut.id_EU110087.1	-	-	-	-	-	-	-	-	-	1	-
HIV1.cut.id_EU110088.1	-	-	-	-	-	-	-	-	-	1	-
HIV1.cut.id_EU110089.1	-	-	-	-	-	-	-	-	-	1	-
HIV1.cut.id_EU110090.1	-	-	-	-	-	-	-	-	-	1	-
HIV1.cut.id_EU110091.1	-	-	-	4738.96	4738.96	-	-	-	-	1	-
HIV1.cut.id_EU110092.1	-	-	-	-	-	-	-	-	-	1	-
HIV1.cut.id_EU110093.1	-	-	-	-	-	-	-	-	-	1	-
HIV1.cut.id_EU110094.1	-	-	-	-	-	-	-	-	-	1	-
HIV1.cut.id_EU110095.1	-	-	-	-	-	-	-	-	-	1	-
HIV1.cut.id_EU110096.1	-	-	-	5704.1	4066.74	-	-	-	-	1	-
HIV1.cut.id_EU110097.1	0.0	-	-	-	-	-	-	-	-	1	-
HIV1.cut.id_EU220698.1	-	-	-	-	-	-	-	-	-	1	-
HIV1.cut.id_EU293444.1	-	-	-	3215.43	-	-	-	4335.26	-	1	-
HIV1.cut.id_EU293445.1	-	4794.52	-	-	-	-	-	-	-	1	-
HIV1.cut.id_EU293446.1	-	-	-	-	-	-	-	-	-	1	-
HIV1.cut.id_EU293447.1	-	-	-	-	-	-	-	-	-	1	-
HIV1.cut.id_EU293448.1	-	-	-	-	-	-	-	-	-	1	-
HIV1.cut.id_EU293449.1	3625.95	-	-	-	-	-	-	-	-	1	-
HIV1.cut.id_EU293450.1	-	-	-	-	-	-	-	-	-	1	-
HIV1.cut.id_EU446022.1	-	-	-	-	-	-	-	-	-	1	-
HIV1.cut.id_EU448295.1	0.0	-	-	-	-	-	-	-	-	1	-
HIV1.cut.id_EU448296.1	3204.42	-	-	-	-	-	-	-	-	1	-
HIV1.cut.id_EU541617.1	-	-	-	-	-	-	-	-	-	1	-
HIV1.cut.id_EU547186.1	-	-	-	-	-	-	-	-	-	1	-
HIV1.cut.id_EU616639.1	3503.85	-	-	2543.72	-	-	-	-	-	1	-
HIV1.cut.id_EU616640.1	-	-	-	-	-	-	-	-	-	1	-
HIV1.cut.id_EU616641.1	-	-	-	-	-	-	-	-	-	1	-
HIV1.cut.id_EU616642.1	980.6	-	-	-	-	-	-	-	-	1	-
HIV1.cut.id_EU616643.1	-	-	-	1990.81	-	-	-	-	-	1	-
HIV1.cut.id_EU616644.1	63.01	-	-	-	-	-	-	-	-	1	-
HIV1.cut.id_EU616645.1	-	-	-	-	-	-	-	-	-	1	-
HIV1.cut.id_EU616649.1	2869.9	-	-	-	-	-	-	-	-	1	-
HIV1.cut.id_EU693240.1	-	-	-	-	-	-	-	-	-	1	-
HIV1.cut.id_EU697904.1	-	-	-	-	-	-	-	-	-	1	-
HIV1.cut.id_EU697905.1	-	-	-	-	-	-	-	-	-	1	-
HIV1.cut.id_EU697906.1	-	-	-	-	-	-	-	-	-	1	-
HIV1.cut.id_EU697907.1	-	-	-	-	-	-	-	-	-	1	-
HIV1.cut.id_EU697908.1	-	-	-	-	-	-	-	-	-	1	-
HIV1.cut.id_EU697909.1	-	-	-	-	-	-	-	-	-	1	-
HIV1.cut.id_EU735535.1	-	-	-	-	-	-	-	-	-	1	-
HIV1.cut.id_EU735536.1	3855.23	-	-	-	-	-	-	-	-	1	-
HIV1.cut.id_EU735537.1	-	-	-	-	-	-	-	-	-	1	-
HIV1.cut.id_EU735538.1	-	-	-	-	-	-	-	-	-	1	-
HIV1.cut.id_EU735539.1	-	-	-	-	-	-	-	-	-	1	-
HIV1.cut.id_EU735540.1	3493.45	-	-	-	-	-	-	-	-	1	-
HIV1.cut.id_EU743963.1	-	-	-	-	-	-	-	-	-	1	-
HIV1.cut.id_EU743964.1	-	-	-	-	-	-	-	-	-	1	-
HIV1.cut.id_EU786670.1	-	-	-	-	-	-	-	-	-	1	-
HIV1.cut.id_EU786671.1	4857.51	-	-	-	-	-	-	-	-	1	-
HIV1.cut.id_EU786672.1	-	-	-	-	-	-	-	-	-	1	-
HIV1.cut.id_EU786673.1	-	-	-	-	-	-	-	-	-	1	-
HIV1.cut.id_EU786674.1	-	-	-	-	-	-	-	-	-	1	-
HIV1.cut.id_EU786675.1	3728.81	-	-	-	-	-	-	-	-	1	-
HIV1.cut.id_EU786676.1	-	-	-	7854.14	-	-	-	-	-	1	-
HIV1.cut.id_EU786677.1	-	-	-	-	-	-	-	-	-	1	-
HIV1.cut.id_EU786678.1	-	-	-	-	-	-	-	-	-	1	-
HIV1.cut.id_EU786679.1	-	-	-	-	-	-	-	-	-	1	-
HIV1.cut.id_EU786680.1	4222.82	-	-	-	-	-	-	-	-	1	-
HIV1.cut.id_EU786681.1	383.88	-	-	-	-	-	-	-	-	1	-
HIV1.cut.id_EU861977.1	-	-	-	-	-	-	-	-	-	1	-
HIV1.cut.id_EU884500.1	1992.85	-	-	3070.18	-	-	-	-	-	1	-
HIV1.cut.id_EU884501.1	4012.35	-	-	-	-	-	-	-	-	1	-
HIV1.cut.id_FJ185228.1	3406.76	-	-	-	-	-	-	-	-	1	-
HIV1.cut.id_FJ185229.1	-	-	-	-	-	-	-	-	-	1	-
HIV1.cut.id_FJ185230.1	3952.17	-	-	4122.01	-	-	-	-	-	1	-
HIV1.cut.id_FJ185231.1	1217.26	-	-	-	-	-	-	-	-	1	-
HIV1.cut.id_FJ185232.1	2032.84	-	-	-	-	-	-	-	-	1	-
HIV1.cut.id_FJ185233.1	1046.72	-	-	-	-	-	-	-	-	1	-
HIV1.cut.id_FJ185234.1	1109.47	-	-	-	-	-	-	-	-	1	-
HIV1.cut.id_FJ185235.1	786.52	-	-	-	-	-	-	-	-	1	-
HIV1.cut.id_FJ185236.1	1618.71	-	-	-	-	-	-	-	-	1	-
HIV1.cut.id_FJ185237.1	1372.61	-	-	-	-	-	-	-	-	1	-
HIV1.cut.id_FJ185238.1	-	4778.76	-	-	-	-	-	-	-	1	-
HIV1.cut.id_FJ185239.1	-	-	-	-	-	-	-	-	-	1	-
HIV1.cut.id_FJ185240.1	2393.62	-	-	4018.45	-	-	-	-	-	1	-
HIV1.cut.id_FJ185241.1	1384.36	-	-	-	-	-	-	-	-	1	-
HIV1.cut.id_FJ185242.1	4338.39	-	-	-	-	-	-	-	-	1	-
HIV1.cut.id_FJ185243.1	-	-	-	1408.45	-	-	-	-	-	1	-
HIV1.cut.id_FJ185244.1	2737.52	-	-	-	-	-	-	-	-	1	-
HIV1.cut.id_FJ185245.1	-	-	-	3296.7	-	-	-	-	-	1	-
HIV1.cut.id_FJ185246.1	-	-	-	-	-	-	-	-	-	1	-
HIV1.cut.id_FJ185247.1	-	-	-	-	-	-	-	-	-	1	-
HIV1.cut.id_FJ185248.1	-	-	-	-	-	-	-	-	-	1	-
HIV1.cut.id_FJ185249.1	4062.57	-	-	-	-	-	-	-	-	1	-
HIV1.cut.id_FJ185250.1	-	-	-	-	-	-	-	-	-	1	-
HIV1.cut.id_FJ185251.1	-	-	-	-	-	-	-	-	-	1	-
HIV1.cut.id_FJ185252.1	4708.7	-	-	-	-	-	-	-	-	1	-
HIV1.cut.id_FJ185253.1	-	-	-	-	-	-	-	-	-	1	-
HIV1.cut.id_FJ185254.1	5156.54	-	-	-	-	-	-	-	-	1	-
HIV1.cut.id_FJ185255.1	356.19	-	-	-	-	-	-	-	-	1	-
HIV1.cut.id_FJ185256.1	-	-	-	-	-	-	-	-	-	1	-
HIV1.cut.id_FJ185257.1	1786.13	-	-	-	-	-	-	-	-	1	-
HIV1.cut.id_FJ185258.1	-	-	-	-	-	-	-	-	-	1	-
HIV1.cut.id_FJ185259.1	-	-	-	-	-	-	-	-	-	1	-
HIV1.cut.id_FJ185260.1	2434.63	-	-	-	-	-	-	-	-	1	-
HIV1.cut.id_FJ195086.1	-	-	-	-	-	-	-	-	-	1	-
HIV1.cut.id_FJ195087.1	-	-	-	-	-	-	-	-	-	1	-
HIV1.cut.id_FJ195088.1	-	-	-	-	-	-	-	-	-	1	-
HIV1.cut.id_FJ195089.1	2919.71	2958.58	-	-	-	-	-	-	-	1	-
HIV1.cut.id_FJ195090.1	0.0	-	-	-	-	-	-	-	-	1	-
HIV1.cut.id_FJ195091.1	-	-	-	-	-	-	-	-	-	1	-
HIV1.cut.id_FJ213780.1	-	-	-	-	-	-	-	-	-	1	-
HIV1.cut.id_FJ213781.1	-	-	-	-	-	-	-	-	-	1	-
HIV1.cut.id_FJ213782.1	-	-	-	-	-	-	-	-	-	1	-
HIV1.cut.id_FJ213783.1	-	-	-	4667.44	-	-	-	-	-	1	-
HIV1.cut.id_FJ358521.1	-	-	-	-	-	-	-	-	-	1	-
HIV1.cut.id_FJ460499.1	-	-	-	-	-	-	-	-	-	1	-
HIV1.cut.id_FJ460500.1	-	-	-	-	-	-	-	-	-	1	-
HIV1.cut.id_FJ460501.1	-	-	-	-	-	-	-	-	-	1	-
HIV1.cut.id_FJ495818.1	1921.02	-	-	-	-	-	-	-	-	1	-
HIV1.cut.id_FJ495819.1	4136.3	2880.66	-	-	-	-	-	-	-	1	-
HIV1.cut.id_FJ495820.1	3180.59	-	-	-	-	-	-	-	-	1	-
HIV1.cut.id_FJ495821.1	-	-	-	4359.49	-	-	-	-	-	1	-
HIV1.cut.id_FJ495822.1	222.22	-	-	1565.0	-	-	-	-	-	1	-
HIV1.cut.id_FJ495823.1	-	-	-	-	-	-	-	-	-	1	-
HIV1.cut.id_FJ495824.1	3501.95	2658.96	-	-	-	-	-	-	-	1	-
HIV1.cut.id_FJ495825.1	1991.1	-	-	-	0.0	-	-	-	-	1	-
HIV1.cut.id_FJ495826.1	1416.67	-	-	-	-	-	-	-	-	1	-
HIV1.cut.id_FJ495937.1	-	-	-	-	-	-	-	-	-	1	-
HIV1.cut.id_FJ495938.1	3476.18	0.0	-	-	-	-	-	-	-	1	-
HIV1.cut.id_FJ495939.1	1466.9	-	-	-	-	-	-	-	-	1	-
HIV1.cut.id_FJ495940.1	-	1886.79	-	-	-	-	-	-	-	1	-
HIV1.cut.id_FJ495941.1	-	-	-	172.12	-	-	-	-	-	1	-
HIV1.cut.id_FJ495942.1	2769.48	-	-	741.53	-	-	-	-	-	1	-
HIV1.cut.id_FJ495943.1	109.71	-	-	-	0.0	-	-	-	-	1	-
HIV1.cut.id_FJ496000.1	-	-	-	3455.08	-	-	-	-	-	1	-
HIV1.cut.id_FJ496001.1	2101.45	-	-	517.69	-	-	-	-	-	1	-
HIV1.cut.id_FJ496002.1	1990.19	3053.44	-	848.29	0.0	-	-	-	-	1	-
HIV1.cut.id_FJ496003.1	-	-	-	-	379.27	-	-	-	-	1	-
HIV1.cut.id_FJ496004.1	-	-	-	-	790.96	-	-	-	-	1	-
HIV1.cut.id_FJ496005.1	1101.45	-	-	416.67	-	-	-	-	-	1	-
HIV1.cut.id_FJ496006.1	2635.16	1783.26	-	3670.47	-	-	-	-	-	1	-
HIV1.cut.id_FJ496007.1	-	-	-	-	-	-	-	-	-	1	-
HIV1.cut.id_FJ496072.1	529.55	2896.73	-	4189.82	-	-	-	-	-	1	-
HIV1.cut.id_FJ496073.1	-	-	-	1734.69	-	-	-	-	-	1	-
HIV1.cut.id_FJ496074.1	2931.85	-	-	-	-	-	-	-	-	1	-
HIV1.cut.id_FJ496075.1	3996.1	-	-	1746.22	-	-	-	-	-	1	-
HIV1.cut.id_FJ496076.1	326.8	-	0.0	-	-	-	-	-	-	1	-
HIV1.cut.id_FJ496077.1	-	-	-	1896.33	-	-	-	-	-	1	-
HIV1.cut.id_FJ496078.1	-	-	-	-	-	-	-	-	-	1	-
HIV1.cut.id_FJ496079.1	1735.24	1026.05	-	-	-	-	-	-	-	1	-
HIV1.cut.id_FJ496080.1	1235.57	-	-	3234.19	0.0	-	-	-	-	1	-
HIV1.cut.id_FJ496081.1	-	-	-	1777.78	-	-	-	-	-	1	-
HIV1.cut.id_FJ496082.1	5641.42	-	-	-	-	-	-	-	-	1	-
HIV1.cut.id_FJ496083.1	-	-	-	2783.3	-	-	-	-	-	1	-
HIV1.cut.id_FJ496084.1	-	-	-	-	-	-	-	-	-	1	-
HIV1.cut.id_FJ496085.1	776.62	-	-	0.0	98.72	-	-	-	-	1	-
HIV1.cut.id_FJ496145.1	1485.15	-	-	-	-	-	-	-	-	1	-
HIV1.cut.id_FJ496146.1	1914.71	3366.34	-	-	-	-	-	-	-	1	-
HIV1.cut.id_FJ496147.1	-	-	-	1257.33	-	-	-	-	-	1	-
HIV1.cut.id_FJ496148.1	1764.71	-	-	-	-	-	-	-	-	1	-
HIV1.cut.id_FJ496149.1	2172.69	-	-	2683.9	-	-	-	-	-	1	-
HIV1.cut.id_FJ496150.1	0.0	-	-	-	-	-	-	-	-	1	-
HIV1.cut.id_FJ496151.1	-	-	-	3304.9	-	-	-	-	-	1	-
HIV1.cut.id_FJ496152.1	628.02	-	-	-	-	-	-	-	-	1	-
HIV1.cut.id_FJ496153.1	3262.87	-	-	-	-	-	-	-	-	1	-
HIV1.cut.id_FJ496154.1	-	-	-	-	-	-	-	-	-	1	-
HIV1.cut.id_FJ496155.1	-	-	-	76.16	-	-	-	-	-	1	-
HIV1.cut.id_FJ496156.1	2097.58	-	-	0.0	0.0	-	-	-	-	1	-
HIV1.cut.id_FJ496157.1	4163.33	0.0	-	1545.25	-	-	-	-	-	1	-
HIV1.cut.id_FJ496158.1	1762.27	2436.65	-	-	-	-	-	-	-	1	-
HIV1.cut.id_FJ496159.1	-	-	-	2011.68	2631.58	-	-	-	-	1	-
HIV1.cut.id_FJ496160.1	3164.03	-	-	-	-	-	-	-	-	1	-
HIV1.cut.id_FJ496161.1	-	0.0	-	-	-	-	-	-	-	1	-
HIV1.cut.id_FJ496162.1	904.76	-	-	-	-	-	-	-	-	1	-
HIV1.cut.id_FJ496163.1	1286.17	-	-	-	-	-	-	-	-	1	-
HIV1.cut.id_FJ496164.1	3833.15	-	-	-	-	-	-	-	-	1	-
HIV1.cut.id_FJ496165.1	2561.03	-	-	-	0.0	-	-	-	-	1	-
HIV1.cut.id_FJ496166.1	-	-	-	3970.59	-	-	-	-	-	1	-
HIV1.cut.id_FJ496167.1	-	0.0	-	-	-	-	-	-	-	1	-
HIV1.cut.id_FJ496168.1	-	-	-	-	-	-	-	-	-	1	-
HIV1.cut.id_FJ496169.1	1992.78	-	-	1718.4	-	-	-	-	-	1	-
HIV1.cut.id_FJ496170.1	-	-	-	762.94	-	-	-	-	-	1	-
HIV1.cut.id_FJ496171.1	119.19	-	-	-	-	-	-	-	-	1	-
HIV1.cut.id_FJ496172.1	-	0.0	-	-	-	-	-	-	-	1	-
HIV1.cut.id_FJ496173.1	-	-	-	-	-	-	-	-	-	1	-
HIV1.cut.id_FJ496174.1	-	-	-	-	-	-	-	-	-	1	-
HIV1.cut.id_FJ496175.1	880.81	-	945.18	-	-	-	-	-	-	1	-
HIV1.cut.id_FJ496176.1	2029.28	-	-	-	331.67	-	-	-	-	1	-
HIV1.cut.id_FJ496177.1	-	-	-	1336.07	-	-	-	-	-	1	-
HIV1.cut.id_FJ496178.1	915.25	88.34	-	248.91	-	0.0	-	-	-	1	-
HIV1.cut.id_FJ496179.1	-	-	-	-	-	-	-	-	-	1	-
HIV1.cut.id_FJ496180.1	-	-	-	-	-	-	-	-	-	1	-
HIV1.cut.id_FJ496181.1	510.2	-	-	207.36	-	-	-	-	-	1	-
HIV1.cut.id_FJ496182.1	-	-	-	-	-	-	-	-	-	1	-
HIV1.cut.id_FJ496183.1	-	-	-	-	-	-	-	-	-	1	-
HIV1.cut.id_FJ496184.1	-	-	-	-	-	-	-	-	-	1	-
HIV1.cut.id_FJ496185.1	-	-	-	-	-	-	-	-	-	1	-
HIV1.cut.id_FJ496186.1	1765.85	3153.53	669.14	3415.41	-	-	-	-	-	1	-
HIV1.cut.id_FJ496187.1	2506.13	-	-	4793.61	-	-	-	-	-	1	-
HIV1.cut.id_FJ496188.1	2089.27	-	-	-	-	-	-	-	-	1	-
HIV1.cut.id_FJ496189.1	-	-	-	2873.99	0.0	-	-	-	-	1	-
HIV1.cut.id_FJ496190.1	-	968.7	-	1858.36	-	-	-	-	-	1	-
HIV1.cut.id_FJ496191.1	1442.31	-	-	-	-	-	-	-	-	1	-
HIV1.cut.id_FJ496192.1	3744.8	-	-	-	-	-	-	-	-	1	-
HIV1.cut.id_FJ496193.1	46.73	-	-	1007.87	-	-	-	-	-	1	-
HIV1.cut.id_FJ496194.1	-	3055.56	-	1871.1	276.63	-	-	-	-	1	-
HIV1.cut.id_FJ496195.1	2652.52	-	-	-	-	-	-	-	-	1	-
HIV1.cut.id_FJ496196.1	2488.54	-	-	-	-	-	-	-	-	1	-
HIV1.cut.id_FJ496197.1	3385.33	541.64	-	1280.9	0.0	-	-	-	-	1	-
HIV1.cut.id_FJ496198.1	4118.77	-	-	788.95	-	-	-	-	-	1	-
HIV1.cut.id_FJ496199.1	2801.87	-	-	-	-	-	-	-	-	1	-
HIV1.cut.id_FJ496200.1	1980.62	-	746.97	2731.09	-	-	-	-	-	1	-
HIV1.cut.id_FJ496201.1	494.27	-	-	-	-	-	-	-	-	1	-
HIV1.cut.id_FJ496202.1	2370.69	-	-	-	-	-	-	-	-	1	-
HIV1.cut.id_FJ496203.1	651.77	1754.39	2422.41	2752.29	-	-	-	-	-	1	-
HIV1.cut.id_FJ496204.1	-	-	-	-	75.59	-	-	-	-	1	-
HIV1.cut.id_FJ496205.1	98.81	-	-	2731.09	-	-	-	-	-	1	-
HIV1.cut.id_FJ496206.1	2205.04	-	-	-	-	-	-	-	-	1	-
HIV1.cut.id_FJ496207.1	1873.2	-	-	-	-	-	-	-	-	1	-
HIV1.cut.id_FJ496208.1	-	-	-	-	-	-	-	-	-	1	-
HIV1.cut.id_FJ496209.1	1999.12	-	-	-	0.0	-	-	-	-	1	-
HIV1.cut.id_FJ496210.1	1833.33	-	-	-	-	-	-	-	-	1	-
HIV1.cut.id_FJ496211.1	-	-	-	-	-	-	-	-	-	1	-
HIV1.cut.id_FJ496212.1	-	-	-	-	0.0	-	-	-	-	1	-
HIV1.cut.id_FJ496213.1	-	-	-	1023.35	975.08	-	-	-	-	1	-
HIV1.cut.id_FJ496214.1	-	2311.11	-	-	-	-	-	-	-	1	-
HIV1.cut.id_FJ623475.1	-	-	-	-	-	-	-	-	-	1	-
HIV1.cut.id_FJ623476.1	-	-	-	4113.11	3900.0	-	-	-	-	1	-
HIV1.cut.id_FJ623477.1	4781.2	1795.33	-	4171.12	-	-	-	-	-	1	-
HIV1.cut.id_FJ623478.1	-	-	-	-	-	-	-	-	-	1	-
HIV1.cut.id_FJ623479.1	-	-	-	2097.9	-	-	-	-	-	1	-
HIV1.cut.id_FJ623480.1	0.0	-	-	-	-	-	-	-	-	1	-
HIV1.cut.id_FJ623481.1	-	-	-	-	-	-	-	-	-	1	-
HIV1.cut.id_FJ623482.1	3937.01	-	-	-	-	-	-	-	-	1	-
HIV1.cut.id_FJ623483.1	-	-	-	-	-	-	-	-	-	1	-
HIV1.cut.id_FJ623484.1	-	-	-	-	-	-	-	-	-	1	-
HIV1.cut.id_FJ623485.1	-	-	-	-	-	-	-	-	-	1	-
HIV1.cut.id_FJ623486.1	-	-	-	-	-	-	-	-	-	1	-
HIV1.cut.id_FJ623487.1	-	-	-	-	-	-	-	-	-	1	-
HIV1.cut.id_FJ623488.1	-	-	-	-	-	-	-	-	-	1	-
HIV1.cut.id_FJ623489.1	-	-	-	-	-	-	-	-	-	1	-
HIV1.cut.id_FJ623490.1	-	-	-	-	-	-	-	-	-	1	-
HIV1.cut.id_FJ623491.1	2391.5	-	-	-	-	-	-	-	-	1	-
HIV1.cut.id_FJ623492.1	-	-	-	-	-	-	-	-	-	1	-
HIV1.cut.id_FJ623493.1	149.25	-	-	-	-	-	-	-	-	1	-
HIV1.cut.id_FJ623494.1	2122.54	-	4943.5	0.0	0.0	-	-	-	-	1	-
HIV1.cut.id_FJ623495.1	-	-	-	-	-	-	-	-	-	1	-
HIV1.cut.id_FJ647145.1	-	-	-	2266.55	-	-	-	-	-	1	-
HIV1.cut.id_FJ670515.1	-	-	-	-	-	-	-	-	-	1	-
HIV1.cut.id_FJ670516.2	2930.13	-	-	-	-	-	-	-	-	1	-
HIV1.cut.id_FJ670517.1	-	-	-	-	-	-	-	-	-	1	-
HIV1.cut.id_FJ670518.1	-	-	-	-	-	-	-	-	-	1	-
HIV1.cut.id_FJ670519.1	1364.88	-	-	-	2534.56	-	-	-	-	1	-
HIV1.cut.id_FJ670520.1	-	-	-	-	-	-	-	-	-	1	-
HIV1.cut.id_FJ670521.1	-	-	-	-	-	-	-	-	-	1	-
HIV1.cut.id_FJ670522.1	-	-	-	-	-	-	-	-	-	1	-
HIV1.cut.id_FJ670523.1	-	-	-	-	-	-	-	-	-	1	-
HIV1.cut.id_FJ670524.1	-	-	-	-	-	-	-	-	-	1	-
HIV1.cut.id_FJ670525.1	-	-	-	-	-	-	-	-	-	1	-
HIV1.cut.id_FJ670526.1	-	-	-	-	-	-	-	-	-	1	-
HIV1.cut.id_FJ670527.1	-	-	-	-	-	-	-	-	-	1	-
HIV1.cut.id_FJ670528.1	-	-	-	-	-	-	-	-	-	1	-
HIV1.cut.id_FJ670529.1	-	-	-	-	-	-	-	-	-	1	-
HIV1.cut.id_FJ670530.1	-	-	-	-	-	-	-	-	-	1	-
HIV1.cut.id_FJ670531.1	-	-	-	-	-	-	-	-	-	1	-
HIV1.cut.id_FJ711703.1	-	-	-	-	-	-	-	-	-	1	-
HIV1.cut.id_FJ771006.1	3679.25	-	-	3504.67	-	-	-	-	-	1	-
HIV1.cut.id_FJ771007.1	-	-	-	-	-	-	-	-	-	1	-
HIV1.cut.id_FJ771008.1	-	-	-	-	-	-	-	-	-	1	-
HIV1.cut.id_FJ771009.1	-	-	-	-	-	-	-	-	-	1	-
HIV1.cut.id_FJ771010.1	-	-	-	4302.48	-	-	-	-	-	1	-
HIV1.cut.id_FJ853620.1	3177.57	-	-	-	-	-	-	-	-	1	-
HIV1.cut.id_FJ853621.1	-	-	-	-	-	-	-	-	-	1	-
HIV1.cut.id_FJ853622.1	-	-	-	-	-	-	-	-	-	1	-
HIV1.cut.id_FJ864679.1	-	-	-	369.0	-	-	-	-	-	1	-
HIV1.cut.id_FM877777.1	-	-	-	-	-	-	-	-	-	1	-
HIV1.cut.id_FM877778.1	-	-	-	-	-	-	-	-	-	1	-
HIV1.cut.id_FM877779.2	-	-	-	-	-	-	-	-	-	1	-
HIV1.cut.id_FM877780.1	-	-	-	-	-	-	-	-	-	1	-
HIV1.cut.id_FM877781.1	754.72	-	-	-	-	-	-	-	-	1	-
HIV1.cut.id_FM877782.1	-	-	-	-	554.02	-	-	-	-	1	-
HIV1.cut.id_FM877783.1	-	-	-	-	-	-	-	-	-	1	-
HIV1.cut.id_FN392874.1	-	-	-	-	-	-	-	-	-	1	-
HIV1.cut.id_FN392875.1	-	-	-	4158.42	-	-	-	-	-	1	-
HIV1.cut.id_FN392876.1	-	-	-	-	-	-	-	-	-	1	-
HIV1.cut.id_FN392877.1	-	-	-	-	-	-	-	-	-	1	-
HIV1.cut.id_FR846408.1	2165.2	3160.92	-	-	-	-	-	-	-	1	-
HIV1.cut.id_FR846409.1	-	-	-	-	-	-	-	-	-	1	-
HIV1.cut.id_FR846410.1	5175.29	-	-	-	-	-	-	-	-	1	-
HIV1.cut.id_GQ175881.1	-	-	-	-	-	-	-	-	-	1	-
HIV1.cut.id_GQ175882.1	-	-	-	4651.16	-	-	-	-	-	1	-
HIV1.cut.id_GQ175883.1	-	-	-	-	-	-	-	-	-	1	-
HIV1.cut.id_GQ277610.1	96.34	-	-	2755.56	-	-	-	-	-	1	-
HIV1.cut.id_GQ290462.1	-	-	-	-	-	-	-	-	-	1	-
HIV1.cut.id_GQ365649.1	-	-	-	4211.56	-	-	-	-	-	1	-
HIV1.cut.id_GQ365650.1	-	-	-	-	-	-	-	-	-	1	-
HIV1.cut.id_GQ365651.1	3783.78	-	-	-	-	-	-	-	-	1	-
HIV1.cut.id_GQ365652.1	-	-	-	-	-	-	-	-	-	1	-
HIV1.cut.id_GQ372986.1	-	-	-	-	-	-	-	-	-	1	-
HIV1.cut.id_GQ372987.1	-	-	-	-	-	-	-	-	-	1	-
HIV1.cut.id_GQ372988.1	-	-	-	-	-	-	-	-	-	1	-
HIV1.cut.id_GQ372989.1	2359.35	-	-	-	-	-	-	-	-	1	-
HIV1.cut.id_GQ372990.1	-	-	-	-	-	-	-	-	-	1	-
HIV1.cut.id_GQ845124.1	-	-	-	1289.68	-	-	-	-	-	1	-
HIV1.cut.id_GQ845125.1	-	-	-	-	-	-	-	-	-	1	-
HIV1.cut.id_GQ845126.1	-	-	-	-	-	-	-	-	-	1	-
HIV1.cut.id_GQ999972.1	-	-	-	-	-	-	-	-	-	1	-
HIV1.cut.id_GQ999973.1	-	-	-	-	-	-	-	-	-	1	-
HIV1.cut.id_GQ999974.1	-	-	-	-	-	-	-	-	-	1	-
HIV1.cut.id_GQ999975.1	-	-	-	2023.12	-	-	-	-	-	1	-
HIV1.cut.id_GQ999976.1	-	-	-	-	-	-	-	-	-	1	-
HIV1.cut.id_GQ999977.1	-	-	-	-	-	-	-	-	-	1	-
HIV1.cut.id_GQ999978.1	-	-	-	-	-	-	-	-	-	1	-
HIV1.cut.id_GQ999979.1	-	-	-	-	-	-	-	-	-	1	-
HIV1.cut.id_GQ999980.1	-	-	-	3791.47	-	-	-	-	-	1	-
HIV1.cut.id_GQ999981.1	-	-	-	-	-	-	-	-	-	1	-
HIV1.cut.id_GQ999982.1	2627.51	-	-	-	-	-	-	-	-	1	-
HIV1.cut.id_GQ999983.1	945.02	-	-	-	-	-	-	-	-	1	-
HIV1.cut.id_GQ999984.1	-	-	-	-	-	-	-	-	-	1	-
HIV1.cut.id_GQ999985.1	1766.3	-	-	-	-	-	-	-	-	1	-
HIV1.cut.id_GQ999986.1	-	-	-	-	-	-	-	-	-	1	-
HIV1.cut.id_GQ999987.1	-	-	-	-	-	-	-	-	-	1	-
HIV1.cut.id_GQ999988.1	-	-	-	-	-	-	-	-	-	1	-
HIV1.cut.id_GQ999989.1	-	-	-	-	-	-	-	-	-	1	-
HIV1.cut.id_GQ999990.1	-	-	-	-	-	-	-	-	-	1	-
HIV1.cut.id_GQ999991.1	2787.46	-	-	-	-	-	-	-	-	1	-
HIV1.cut.id_GU111555.1	-	-	-	-	-	-	-	-	-	1	-
HIV1.cut.id_GU177863.1	-	-	-	-	-	-	-	-	-	1	-
HIV1.cut.id_GU207884.1	2000.0	-	-	-	-	-	-	-	-	1	-
HIV1.cut.id_GU230137.1	-	-	-	-	-	-	-	-	-	1	-
HIV1.cut.id_GU230139.1	-	-	-	-	-	-	-	-	-	1	-
HIV1.cut.id_GU237072.1	-	-	-	-	-	-	-	-	-	1	-
HIV1.cut.id_GU362013.1	-	-	-	3711.79	-	-	-	-	-	1	-
HIV1.cut.id_GU595148.1	4392.52	-	-	-	-	-	-	-	-	1	-
HIV1.cut.id_GU595149.1	-	-	-	-	3000.0	-	-	-	-	1	-
HIV1.cut.id_GU595150.1	-	-	-	-	-	-	-	-	-	1	-
HIV1.cut.id_GU595151.1	-	-	-	-	-	-	-	-	-	1	-
HIV1.cut.id_GU595152.1	-	-	-	-	-	-	-	-	-	1	-
HIV1.cut.id_GU595153.1	-	-	-	-	-	-	-	-	-	1	-
HIV1.cut.id_GU595154.1	-	-	-	-	-	-	-	-	-	1	-
HIV1.cut.id_GU595155.1	-	-	-	-	-	-	-	-	-	1	-
HIV1.cut.id_GU595157.1	-	-	-	-	-	-	-	-	-	1	-
HIV1.cut.id_GU595158.1	-	-	-	-	-	-	-	-	-	1	-
HIV1.cut.id_GU595159.1	-	-	-	-	-	-	-	-	-	1	-
HIV1.cut.id_GU647196.1	0.0	-	-	2446.48	-	-	-	-	-	1	-
HIV1.cut.id_GU647197.1	0.0	2559.73	-	2197.8	-	-	-	-	-	1	-
HIV1.cut.id_GU647198.1	349.65	-	-	-	-	-	-	-	-	1	-
HIV1.cut.id_GU733713.1	-	-	-	-	-	-	-	-	-	1	-
HIV1.cut.id_GU733714.1	-	-	-	-	-	-	-	-	-	1	-
HIV1.cut.id_GU733715.1	1251.17	-	-	83.96	-	-	-	-	-	1	-
HIV1.cut.id_GU733716.1	2855.07	-	-	-	-	-	-	-	-	1	-
HIV1.cut.id_GU733717.1	4415.37	-	-	-	90.25	-	-	-	-	1	-
HIV1.cut.id_HM026455.1	-	-	-	0.0	-	-	-	-	-	1	-
HIV1.cut.id_HM026456.1	3723.99	-	-	-	-	-	-	-	-	1	-
HIV1.cut.id_HM026457.1	8944.1	-	-	-	-	-	-	-	-	1	-
HIV1.cut.id_HM026458.1	1365.71	-	-	-	-	-	-	-	-	1	-
HIV1.cut.id_HM026459.1	938.23	-	-	-	-	-	-	-	-	1	-
HIV1.cut.id_HM026460.1	-	-	-	-	-	-	-	-	-	1	-
HIV1.cut.id_HM067748.1	-	-	-	-	-	-	-	-	-	1	-
HIV1.cut.id_HM100716.1	-	-	-	-	-	-	-	-	-	1	-
HIV1.cut.id_HM215249.1	-	-	-	-	-	-	-	-	-	1	-
HIV1.cut.id_HM215250.1	-	-	-	-	-	-	-	-	-	1	-
HIV1.cut.id_HM215251.1	641.61	-	-	-	-	-	-	-	-	1	-
HIV1.cut.id_HM215252.1	2971.14	-	-	-	-	-	-	-	-	1	-
HIV1.cut.id_HM469972.1	1143.95	-	-	-	-	-	-	-	-	1	-
HIV1.cut.id_HM469973.1	1175.21	-	-	-	-	-	-	-	-	1	-
HIV1.cut.id_HM469974.1	4004.67	-	-	-	-	-	-	-	-	1	-
HIV1.cut.id_HM469975.1	4230.24	-	-	787.4	-	-	-	-	-	1	-
HIV1.cut.id_HM469976.1	381.68	-	-	-	-	-	-	-	-	1	-
HIV1.cut.id_HM469977.1	3451.04	-	-	-	-	-	-	-	-	1	-
HIV1.cut.id_HM469978.1	-	-	-	-	-	-	-	-	-	1	-
HIV1.cut.id_HM469979.1	1764.26	-	-	-	-	-	-	-	-	1	-
HIV1.cut.id_HM469980.1	2677.53	2737.64	-	2798.28	-	-	-	-	-	1	-
HIV1.cut.id_HM469981.1	993.38	-	-	-	-	-	-	-	-	1	-
HIV1.cut.id_HM469982.1	672.83	-	-	-	-	-	-	-	-	1	-
HIV1.cut.id_HM469983.1	-	-	-	-	-	-	-	-	-	1	-
HIV1.cut.id_HM776938.1	-	-	-	-	-	-	-	-	-	1	-
HIV1.cut.id_HM776939.1	-	-	-	-	-	-	-	-	-	1	-
HIV1.cut.id_JF719818.1	3183.46	-	-	-	-	-	-	-	-	1	-
HIV1.cut.id_JF719819.1	810.81	-	-	-	-	-	-	-	-	1	-
HIV1.cut.id_JF804805.1	4357.8	-	-	-	-	-	-	-	-	1	-
HIV1.cut.id_JF804806.1	-	-	-	-	-	-	-	-	-	1	-
HIV1.cut.id_JF804807.1	-	-	-	-	-	-	-	-	-	1	-
HIV1.cut.id_JF804808.1	-	-	-	-	-	-	-	-	-	1	-
HIV1.cut.id_JF804809.1	-	2166.06	-	3550.3	-	-	-	-	-	1	-
HIV1.cut.id_JF804810.1	-	-	-	-	-	-	-	-	-	1	-
HIV1.cut.id_JF804811.1	-	-	-	-	-	-	-	-	-	1	-
HIV1.cut.id_JF804812.1	-	-	-	-	-	-	-	-	-	1	-
HIV1.cut.id_JF804813.1	-	-	-	-	-	-	-	-	-	1	-
HIV1.cut.id_JF804814.1	-	-	-	-	-	-	-	-	-	1	-
HIV1.cut.id_JN188292.1	-	-	-	-	-	-	-	-	-	1	-
HIV1.cut.id_JN230353.1	-	-	-	-	-	-	-	-	-	1	-
HIV1.cut.id_JN571034.1	0.0	1981.23	-	-	-	-	-	-	-	1	-
HIV1.cut.id_JN860761.1	2046.78	-	-	-	-	-	-	-	-	1	-
HIV1.cut.id_JN860762.1	-	-	-	-	-	-	-	-	-	1	-
HIV1.cut.id_JN860763.1	-	-	-	3243.24	-	-	-	-	-	1	-
HIV1.cut.id_JN860764.1	-	-	-	-	-	-	-	-	-	1	-
HIV1.cut.id_JN860765.1	0.0	-	-	-	-	-	-	-	-	1	-
HIV1.cut.id_JN860766.1	3262.84	-	-	-	-	-	-	-	-	1	-
HIV1.cut.id_JN860767.1	-	-	-	-	-	-	-	-	-	1	-
HIV1.cut.id_JN860768.1	-	-	-	-	-	-	-	-	-	1	-
HIV1.cut.id_JN860769.1	7329.84	-	-	-	-	-	-	-	-	1	-
HIV1.cut.id_JQ316126.1	-	-	-	-	-	-	-	-	-	1	-
HIV1.cut.id_JQ316127.2	-	-	-	-	-	-	-	-	-	1	-
HIV1.cut.id_JQ316128.1	4289.32	-	-	-	-	-	-	-	-	1	-
HIV1.cut.id_JQ316129.1	-	-	-	-	-	-	-	-	-	1	-
HIV1.cut.id_JQ316130.1	-	-	-	-	-	-	-	-	-	1	-
HIV1.cut.id_JQ316131.1	995.73	-	-	-	-	-	-	-	-	1	-
HIV1.cut.id_JQ316132.1	-	-	-	-	-	-	-	-	-	1	-
HIV1.cut.id_JQ316133.1	-	-	-	-	-	-	-	-	-	1	-
HIV1.cut.id_JQ316134.1	-	2857.14	-	-	-	-	-	-	-	1	-
HIV1.cut.id_JQ316135.1	-	-	-	-	-	-	-	-	-	1	-
HIV1.cut.id_JQ316136.1	1575.76	-	-	-	-	-	-	-	-	1	-
HIV1.cut.id_JQ316137.1	4052.78	-	-	3891.71	-	-	-	-	-	1	-
HIV1.cut.id_JQ316138.1	2821.21	-	-	-	-	-	-	-	-	1	-
HIV1.cut.id_JQ341411.1	-	-	-	-	-	-	-	-	-	1	-
HIV1.cut.id_JQ429433.2	2613.89	-	-	4223.97	-	-	-	-	-	1	-
HIV1.cut.id_JX503071.1	-	-	-	-	-	-	-	-	-	1	-
HIV1.cut.id_JX503072.1	-	-	-	-	-	-	-	-	-	1	-
HIV1.cut.id_JX503073.1	3569.23	4347.83	-	768.49	-	-	-	-	-	1	-
HIV1.cut.id_JX503074.1	3049.63	-	-	-	-	-	-	-	-	1	-
HIV1.cut.id_JX503075.1	-	-	-	-	-	-	-	-	-	1	-
HIV1.cut.id_JX503076.1	881.26	-	-	-	-	-	-	-	-	1	-
HIV1.cut.id_JX503077.1	2343.02	-	-	-	-	-	-	-	-	1	-
HIV1.cut.id_JX503078.1	2051.19	-	-	-	-	-	-	-	-	1	-
HIV1.cut.id_JX503080.1	2541.81	-	-	-	-	-	-	-	-	1	-
HIV1.cut.id_JX503081.1	-	-	-	-	-	-	-	-	-	1	-
HIV1.cut.id_JX503082.1	-	-	-	-	-	-	-	-	-	1	-
HIV1.cut.id_JX503083.1	1184.43	-	-	-	-	-	-	-	-	1	-
HIV1.cut.id_JX574661.1	-	-	-	2370.69	-	-	-	-	-	1	-
HIV1.cut.id_JX574662.1	3252.03	-	-	-	-	-	-	-	-	1	-
HIV1.cut.id_JX574663.1	-	-	-	-	-	-	-	-	-	1	-
HIV1.cut.id_K02007.1	-	-	-	-	-	-	-	-	-	1	-
HIV1.cut.id_K02013.1	1786.99	-	-	2631.58	-	-	-	-	-	1	-
HIV1.cut.id_K02083.1	4345.34	-	-	-	-	-	-	-	-	1	-
HIV1.cut.id_K03454.1	718.85	-	-	1082.06	-	-	-	-	-	1	-
HIV1.cut.id_K03455.1	1567.83	-	-	-	-	-	-	-	-	1	-
HIV1.cut.id_KC156114.1	-	-	-	-	-	-	-	-	-	1	-
HIV1.cut.id_KC156115.1	813.01	-	-	-	-	-	-	-	-	1	-
HIV1.cut.id_KC156116.1	-	-	-	-	-	-	-	-	-	1	-
HIV1.cut.id_KC156117.1	-	-	-	-	-	-	-	-	-	1	-
HIV1.cut.id_KC156118.1	1397.06	-	-	-	-	-	-	-	-	1	-
HIV1.cut.id_KC156119.1	-	-	-	-	-	-	-	-	-	1	-
HIV1.cut.id_KC156120.1	-	-	-	-	-	-	-	-	-	1	-
HIV1.cut.id_KC156121.1	0.0	-	-	-	-	-	-	-	-	1	-
HIV1.cut.id_KC156122.1	726.39	4247.79	-	-	-	-	-	-	-	1	-
HIV1.cut.id_KC156123.1	-	-	-	4632.59	-	-	-	-	-	1	-
HIV1.cut.id_KC156124.1	3703.7	-	-	-	-	-	-	-	-	1	-
HIV1.cut.id_KC156125.1	2846.98	-	-	-	-	-	-	-	-	1	-
HIV1.cut.id_KC156126.1	5857.14	4934.46	-	-	-	-	-	-	-	1	-
HIV1.cut.id_KC156127.1	596.57	-	-	-	-	-	-	-	-	1	-
HIV1.cut.id_KC156128.1	0.0	-	-	-	-	-	-	-	-	1	-
HIV1.cut.id_KC156129.1	2792.86	-	-	-	-	-	-	-	-	1	-
HIV1.cut.id_KC156130.1	2995.72	-	-	-	-	-	-	-	-	1	-
HIV1.cut.id_KC156210.1	-	-	-	-	-	-	-	-	-	1	-
HIV1.cut.id_KC156211.1	2832.86	-	-	-	-	-	-	-	-	1	-
HIV1.cut.id_KC156212.1	-	-	-	985.22	-	-	-	-	-	1	-
HIV1.cut.id_KC156213.1	2270.62	-	-	1923.08	-	-	-	-	-	1	-
HIV1.cut.id_KC156214.1	-	-	-	-	-	-	-	-	-	1	-
HIV1.cut.id_KC156215.1	-	-	-	-	-	-	-	-	-	1	-
HIV1.cut.id_KC156216.1	2476.78	-	-	-	-	-	-	-	-	1	-
HIV1.cut.id_KC156217.1	-	1273.89	-	-	-	-	-	-	-	1	-
HIV1.cut.id_KC156218.1	-	-	-	-	-	-	-	-	-	1	-
HIV1.cut.id_KC156219.1	2911.39	-	-	-	-	-	-	-	-	1	-
HIV1.cut.id_KC156220.1	-	-	-	-	-	-	-	-	-	1	-
HIV1.cut.id_KC156221.1	-	-	-	-	-	-	-	-	-	1	-
HIV1.cut.id_KC492737.1	-	-	-	-	-	-	-	-	-	1	-
HIV1.cut.id_KC492738.1	1309.33	-	-	-	-	-	-	-	-	1	-
HIV1.cut.id_KC503852.1	3903.58	-	-	-	-	-	-	-	-	1	-
HIV1.cut.id_KC503853.1	5464.12	-	-	-	-	-	-	-	-	1	-
HIV1.cut.id_KC503854.1	2394.76	-	-	-	-	-	-	-	-	1	-
HIV1.cut.id_KC503855.1	2637.26	-	-	-	-	-	-	-	-	1	-
HIV1.cut.id_KC522031.1	-	-	-	-	-	-	-	-	-	1	-
HIV1.cut.id_KC522032.1	3913.04	-	-	-	-	-	-	-	-	1	-
HIV1.cut.id_KC522033.1	-	-	-	-	-	-	-	-	-	1	-
HIV1.cut.id_KC522034.1	3573.0	-	-	-	-	-	-	-	-	1	-
HIV1.cut.id_KC852172.1	-	-	-	-	-	-	-	-	-	1	-
HIV1.cut.id_KC852173.1	-	-	-	-	-	-	-	-	-	1	-
HIV1.cut.id_KC852174.1	-	-	-	-	-	-	-	-	-	1	-
HIV1.cut.id_KC898975.1	-	-	-	-	-	-	-	-	-	1	-
HIV1.cut.id_KC898976.1	-	-	-	-	-	-	-	-	-	1	-
HIV1.cut.id_KC898977.1	4579.44	-	-	-	-	-	-	-	-	1	-
HIV1.cut.id_KC898978.1	-	-	-	-	-	-	-	-	-	1	-
HIV1.cut.id_KC898979.1	-	-	-	-	-	-	-	-	-	1	-
HIV1.cut.id_KC898981.1	-	-	-	-	-	-	-	-	-	1	-
HIV1.cut.id_KC898982.1	-	-	-	-	-	-	-	-	-	1	-
HIV1.cut.id_KC898983.1	-	-	-	-	-	-	-	-	-	1	-
HIV1.cut.id_KC898984.1	3280.68	-	-	-	-	-	-	-	-	1	-
HIV1.cut.id_KC898985.1	3921.57	-	-	-	-	-	-	-	-	1	-
HIV1.cut.id_KC898986.1	-	-	-	-	-	-	-	-	-	1	-
HIV1.cut.id_KC898987.1	-	-	-	-	-	-	-	-	-	1	-
HIV1.cut.id_KC898988.1	-	-	-	-	-	-	-	-	-	1	-
HIV1.cut.id_KC898989.1	-	-	-	-	-	-	-	-	-	1	-
HIV1.cut.id_KC898990.1	2615.1	-	-	-	-	-	-	-	-	1	-
HIV1.cut.id_KC898991.1	-	-	-	-	-	-	-	-	-	1	-
HIV1.cut.id_KC898992.1	-	-	-	-	-	-	-	-	-	1	-
HIV1.cut.id_KC898993.1	-	-	-	-	-	-	-	-	-	1	-
HIV1.cut.id_KC898994.1	4296.88	4845.81	-	-	-	-	-	-	-	1	-
HIV1.cut.id_KC898995.1	-	-	-	-	-	-	-	-	-	1	-
HIV1.cut.id_KC898996.1	-	-	-	-	-	-	-	-	-	1	-
HIV1.cut.id_KC899006.1	4023.72	-	-	-	-	-	-	-	-	1	-
HIV1.cut.id_KC899007.1	1225.49	-	-	-	-	-	-	-	-	1	-
HIV1.cut.id_KC899008.1	7507.51	-	-	-	-	-	-	-	-	1	-
HIV1.cut.id_KC899009.1	-	4285.71	-	-	-	-	-	-	-	1	-
HIV1.cut.id_KC899010.1	-	-	-	-	-	-	-	-	-	1	-
HIV1.cut.id_KC899011.1	3098.11	-	-	-	-	-	-	-	-	1	-
HIV1.cut.id_KC899012.1	-	-	-	273.97	-	-	-	-	-	1	-
HIV1.cut.id_KC899013.1	-	-	-	-	-	-	-	-	-	1	-
HIV1.cut.id_KC899014.1	2826.51	-	-	-	-	-	-	-	-	1	-
HIV1.cut.id_KC899015.1	5588.82	-	-	-	-	-	-	-	-	1	-
HIV1.cut.id_KC914396.1	665.19	-	-	4356.44	-	-	-	-	-	1	-
HIV1.cut.id_KC935957.1	-	-	-	-	-	-	-	-	-	1	-
HIV1.cut.id_KC935958.1	1135.37	-	-	-	-	-	-	-	-	1	-
HIV1.cut.id_KC935959.1	-	-	-	-	-	-	-	-	-	1	-
HIV1.cut.id_KF234628.1	4571.11	-	-	-	-	-	-	-	-	1	-
HIV1.cut.id_KF425293.1	496.52	-	-	-	-	-	-	-	-	1	-
HIV1.cut.id_KF766537.1	0.0	-	-	-	-	-	-	-	-	1	-
HIV1.cut.id_KF766538.1	-	-	-	-	-	-	-	-	-	1	-
HIV1.cut.id_KF766539.1	2322.37	-	-	-	-	-	-	-	-	1	-
HIV1.cut.id_KF766540.1	2284.95	-	-	-	-	-	-	-	-	1	-
HIV1.cut.id_KF766541.1	3821.66	-	-	-	-	-	-	-	-	1	-
HIV1.cut.id_KF766542.1	2224.87	-	-	911.58	-	-	-	-	-	1	-
HIV1.cut.id_KF990605.1	747.56	-	-	-	-	-	-	-	-	1	-
HIV1.cut.id_KF990606.1	138.7	-	-	-	-	-	-	-	-	1	-
HIV1.cut.id_KF990607.1	3805.5	-	-	-	-	-	-	-	-	1	-
HIV1.cut.id_KF990608.1	0.0	-	-	-	-	-	-	-	-	1	-
HIV1.cut.id_KJ704797.1	11408.47	-	-	7949.94	-	-	-	3136.53	1304.75	1	-
HIV1.cut.id_KJ925006.1	-	3637.52	-	3644.31	-	-	-	-	-	1	-
HIV1.cut.id_KM390026.1	3293.99	-	-	756.94	-	-	-	-	-	1	-
HIV1.cut.id_KM438031.1	-	-	-	-	-	-	-	-	-	1	-
HIV1.cut.id_KM438032.1	-	-	-	-	-	-	-	-	-	1	-
HIV1.cut.id_KP170487.1	-	-	-	-	-	-	-	-	-	1	-
HIV1.cut.id_KP718914.1	3863.3	-	-	284.9	-	-	-	-	-	1	-
HIV1.cut.id_KP718915.1	1507.09	-	-	-	-	-	-	-	-	1	-
HIV1.cut.id_KP718916.1	-	-	-	-	-	-	-	-	-	1	-
HIV1.cut.id_KP718917.1	-	-	-	-	-	-	-	-	-	1	-
HIV1.cut.id_KP718918.1	-	-	-	-	-	-	-	-	-	1	-
HIV1.cut.id_KP718919.1	-	-	-	-	-	-	-	-	-	1	-
HIV1.cut.id_KP718920.1	-	-	-	-	-	-	-	-	-	1	-
HIV1.cut.id_KP718921.1	-	5000.0	-	4347.83	-	-	-	-	-	1	-
HIV1.cut.id_KP718922.1	-	-	-	-	-	-	-	-	-	1	-
HIV1.cut.id_KP718923.1	-	-	-	-	-	-	-	-	-	1	-
HIV1.cut.id_KP718924.1	-	-	0.0	-	-	-	-	-	-	1	-
HIV1.cut.id_KP718925.1	-	-	-	-	-	-	-	-	-	1	-
HIV1.cut.id_KP718926.1	-	-	-	-	-	-	-	-	-	1	-
HIV1.cut.id_KP718927.1	-	-	-	-	-	-	-	-	-	1	-
HIV1.cut.id_KP718928.1	-	-	-	-	-	-	-	-	-	1	-
HIV1.cut.id_KP718929.1	-	-	-	-	-	-	-	-	-	1	-
HIV1.cut.id_KP718930.1	-	-	-	-	-	-	-	-	-	1	-
HIV1.cut.id_KP718931.1	1186.94	-	-	-	-	-	-	-	-	1	-
HIV1.cut.id_KP718932.1	-	-	-	-	-	-	-	-	-	1	-
HIV1.cut.id_KP718933.1	-	-	-	-	-	-	-	-	-	1	-
HIV1.cut.id_KP718934.1	2585.49	-	-	952.38	-	-	-	-	-	1	-
HIV1.cut.id_KP718935.1	-	-	-	-	-	-	-	-	-	1	-
HIV1.cut.id_KP718936.1	-	-	-	-	-	-	-	-	-	1	-
HIV1.cut.id_KP718937.1	3550.68	-	-	-	-	-	-	-	-	1	-
HIV1.cut.id_KP718938.1	-	-	-	-	-	-	-	-	-	1	-
HIV1.cut.id_KT022360.1	-	-	-	-	-	-	-	-	-	1	-
HIV1.cut.id_KT022361.1	-	3968.25	-	-	-	-	-	-	-	1	-
HIV1.cut.id_KT022362.1	-	-	-	-	-	-	-	-	-	1	-
HIV1.cut.id_KT022363.1	0.0	-	-	-	-	-	-	-	-	1	-
HIV1.cut.id_KT022364.1	140.81	-	-	-	-	-	-	-	-	1	-
HIV1.cut.id_KT022365.1	-	-	-	-	-	-	-	-	-	1	-
HIV1.cut.id_KT022366.1	-	-	-	-	-	-	-	-	-	1	-
HIV1.cut.id_KT022367.1	-	-	-	-	-	-	-	-	-	1	-
HIV1.cut.id_KT022368.1	-	-	-	-	-	-	-	-	-	1	-
HIV1.cut.id_KT022369.1	-	-	-	-	-	-	-	-	-	1	-
HIV1.cut.id_KT022370.1	1515.15	-	-	-	-	-	-	-	-	1	-
HIV1.cut.id_KT022371.1	892.86	-	-	-	-	-	-	-	-	1	-
HIV1.cut.id_KT022372.1	3798.77	-	-	-	-	-	-	-	-	1	-
HIV1.cut.id_KT022373.1	0.0	-	-	-	-	-	-	-	-	1	-
HIV1.cut.id_KT022374.1	-	-	-	-	-	-	-	-	-	1	-
HIV1.cut.id_KT022375.1	-	-	-	-	-	-	-	-	-	1	-
HIV1.cut.id_KT022376.1	-	-	-	-	-	-	-	-	-	1	-
HIV1.cut.id_KT022377.1	-	-	-	-	-	-	-	-	-	1	-
HIV1.cut.id_KT022378.1	1987.04	-	-	-	-	-	-	-	-	1	-
HIV1.cut.id_KT022379.1	-	-	-	-	-	-	-	-	-	1	-
HIV1.cut.id_KT022380.1	1602.96	-	-	-	-	-	-	-	-	1	-
HIV1.cut.id_KT022381.1	-	-	-	-	-	-	-	-	-	1	-
HIV1.cut.id_KT022382.1	-	-	-	-	-	-	-	-	-	1	-
HIV1.cut.id_KT022383.1	-	-	-	-	-	-	-	-	-	1	-
HIV1.cut.id_KT022384.1	3634.23	-	4615.38	-	-	-	-	-	-	1	-
HIV1.cut.id_KT022385.1	-	-	-	-	-	-	-	-	-	1	-
HIV1.cut.id_KT022386.1	-	-	-	-	-	-	-	-	-	1	-
HIV1.cut.id_KT022387.1	-	-	-	-	-	-	-	-	-	1	-
HIV1.cut.id_KT022388.1	4115.94	-	-	-	-	-	-	-	-	1	-
HIV1.cut.id_KT022389.1	0.0	-	-	-	-	-	-	-	-	1	-
HIV1.cut.id_KT022390.1	0.0	-	-	-	-	-	-	-	-	1	-
HIV1.cut.id_KT022391.1	-	-	-	-	-	-	-	-	-	1	-
HIV1.cut.id_KT022392.1	4176.33	-	-	-	-	-	-	-	-	1	-
HIV1.cut.id_KT022393.1	-	-	-	-	-	-	-	-	-	1	-
HIV1.cut.id_KT022394.1	-	-	-	3105.59	-	-	-	-	-	1	-
HIV1.cut.id_KT022395.1	-	-	-	-	-	-	-	-	-	1	-
HIV1.cut.id_KT022396.1	-	-	-	4211.96	-	-	-	-	-	1	-
HIV1.cut.id_KT022397.1	3213.61	-	-	-	-	-	-	-	-	1	-
HIV1.cut.id_KT022398.1	-	-	-	-	-	-	-	-	-	1	-
HIV1.cut.id_KT022399.1	0.0	-	-	-	-	-	-	-	-	1	-
HIV1.cut.id_KT022400.1	-	-	-	-	-	-	-	-	-	1	-
HIV1.cut.id_KT022401.1	-	-	-	-	-	-	-	-	-	1	-
HIV1.cut.id_KT022402.1	1769.91	-	-	-	-	-	-	-	-	1	-
HIV1.cut.id_KT022403.1	-	-	-	-	-	-	-	-	-	1	-
HIV1.cut.id_KT022404.1	-	-	-	-	-	-	-	-	-	1	-
HIV1.cut.id_KT022405.1	-	-	-	-	-	-	-	-	-	1	-
HIV1.cut.id_KT022406.1	1694.92	-	-	-	-	-	-	-	-	1	-
HIV1.cut.id_KT022407.1	-	-	-	-	-	-	-	-	-	1	-
HIV1.cut.id_KT022408.1	-	-	-	-	-	-	-	-	-	1	-
HIV1.cut.id_KT022409.1	-	-	-	-	-	-	-	-	-	1	-
HIV1.cut.id_KT022410.1	-	-	-	-	-	-	-	-	-	1	-
HIV1.cut.id_KT022411.1	-	-	-	-	-	-	-	-	-	1	-
HIV1.cut.id_KT022412.1	3338.63	-	-	-	-	-	-	-	-	1	-
HIV1.cut.id_KT022413.1	2607.08	-	-	-	-	-	-	-	-	1	-
HIV1.cut.id_KT022414.1	-	-	-	-	-	-	-	-	-	1	-
HIV1.cut.id_KT022415.1	1003.34	-	-	-	-	-	-	-	-	1	-
HIV1.cut.id_KT022416.1	-	-	-	-	-	-	-	-	-	1	-
HIV1.cut.id_KT022417.1	-	-	-	-	-	-	-	-	-	1	-
HIV1.cut.id_KT200348.1	-	-	-	-	-	-	-	-	-	1	-
HIV1.cut.id_KT200349.1	1574.8	-	-	4201.68	-	-	-	-	-	1	-
HIV1.cut.id_KT200350.1	4615.38	-	-	-	-	-	-	-	-	1	-
HIV1.cut.id_KT200351.1	-	-	-	-	-	-	-	-	-	1	-
HIV1.cut.id_KT200352.1	-	-	-	-	-	-	-	-	-	1	-
HIV1.cut.id_KT200353.1	173.61	-	-	-	-	-	-	-	-	1	-
HIV1.cut.id_KT200354.1	0.0	-	-	-	-	-	-	-	-	1	-
HIV1.cut.id_KT200355.1	-	-	-	-	-	-	-	-	-	1	-
HIV1.cut.id_KT200356.1	-	-	-	-	-	-	-	-	-	1	-
HIV1.cut.id_KT200357.1	3157.89	-	-	-	-	-	-	-	-	1	-
HIV1.cut.id_KT200358.1	-	-	-	-	-	-	-	-	-	1	-
HIV1.cut.id_KT259308.1	-	-	-	-	-	-	-	-	-	1	-
HIV1.cut.id_KT259309.1	2301.15	-	-	-	-	-	-	-	-	1	-
HIV1.cut.id_KT259310.1	-	-	-	-	-	-	-	-	-	1	-
HIV1.cut.id_KT259311.1	1250.0	-	-	-	-	-	-	-	-	1	-
HIV1.cut.id_KT259312.1	-	-	-	-	-	-	-	-	-	1	-
HIV1.cut.id_KT259313.1	-	-	-	5025.55	-	-	-	-	-	1	-
HIV1.cut.id_KT259314.1	-	-	-	-	-	-	-	-	-	1	-
HIV1.cut.id_KT259315.1	-	-	-	-	-	-	-	-	-	1	-
HIV1.cut.id_KT259316.1	2137.23	-	-	-	-	-	-	-	-	1	-
HIV1.cut.id_KT259317.1	1508.84	-	-	-	-	-	-	-	-	1	-
HIV1.cut.id_KT259318.1	-	-	-	-	-	-	-	-	-	1	-
HIV1.cut.id_KT259319.1	-	-	-	-	-	-	-	-	-	1	-
HIV1.cut.id_KT284371.1	-	2850.06	-	-	-	-	-	-	-	1	-
HIV1.cut.id_KT284372.1	2094.24	-	-	-	-	-	-	-	-	1	-
HIV1.cut.id_KT284373.1	-	-	-	-	-	-	-	-	-	1	-
HIV1.cut.id_KT284374.1	2685.6	-	-	1683.82	-	-	-	-	-	1	-
HIV1.cut.id_KT284375.1	2010.97	-	-	-	-	-	-	-	-	1	-
HIV1.cut.id_KT284376.1	-	-	-	-	-	-	-	-	-	1	-
HIV1.cut.id_KT284377.1	1533.22	-	-	1886.25	-	-	-	-	-	1	-
HIV1.cut.id_KT284378.1	906.06	-	-	-	-	-	-	-	-	1	-
HIV1.cut.id_KT372798.1	-	-	-	-	-	-	-	-	-	1	-
HIV1.cut.id_KT427649.1	-	-	-	-	-	-	-	-	-	1	-
HIV1.cut.id_KT427650.1	-	-	-	-	-	-	-	-	-	1	-
HIV1.cut.id_KT427651.1	-	-	-	-	-	-	-	-	-	1	-
HIV1.cut.id_KT427670.1	-	-	-	-	-	-	-	-	-	1	-
HIV1.cut.id_KT427671.1	-	-	-	-	-	-	-	-	-	1	-
HIV1.cut.id_KT427674.1	1883.24	-	-	-	-	-	-	-	-	1	-
HIV1.cut.id_KT427675.1	0.0	-	-	-	-	-	-	-	-	1	-
HIV1.cut.id_KT427676.1	1876.68	-	-	-	-	-	-	-	-	1	-
HIV1.cut.id_KT427692.1	2461.32	-	-	-	-	-	-	-	-	1	-
HIV1.cut.id_KT427698.1	-	-	-	-	-	-	-	-	-	1	-
HIV1.cut.id_KT427699.1	-	-	-	-	-	-	-	-	-	1	-
HIV1.cut.id_KT427700.1	-	-	-	-	-	-	-	-	-	1	-
HIV1.cut.id_KT427701.1	-	-	-	-	-	-	-	-	-	1	-
HIV1.cut.id_KT427705.1	-	-	-	-	-	-	-	-	-	1	-
HIV1.cut.id_KT427706.1	-	-	-	-	-	-	-	-	-	1	-
HIV1.cut.id_KT427708.1	-	-	-	-	-	-	-	-	-	1	-
HIV1.cut.id_KT427709.1	-	-	-	-	-	-	-	-	-	1	-
HIV1.cut.id_KT427711.1	1838.93	-	-	-	-	-	-	-	-	1	-
HIV1.cut.id_KT427715.1	-	-	-	-	-	-	-	-	-	1	-
HIV1.cut.id_KT427716.1	0.0	-	-	-	-	-	-	-	-	1	-
HIV1.cut.id_KT427717.1	2651.52	-	-	-	-	-	-	-	-	1	-
HIV1.cut.id_KT427718.1	-	-	-	-	-	-	-	-	-	1	-
HIV1.cut.id_KT427719.1	19935.81	-	-	-	-	-	-	-	-	1	-
HIV1.cut.id_KT427720.1	-	-	-	-	-	-	-	-	-	1	-
HIV1.cut.id_KT427721.1	-	-	-	-	-	-	-	-	-	1	-
HIV1.cut.id_KT427722.1	335.85	-	-	-	-	-	-	-	-	1	-
HIV1.cut.id_KT427723.1	-	-	-	-	-	-	-	-	-	1	-
HIV1.cut.id_KT427724.1	131.93	-	-	-	-	-	-	-	-	1	-
HIV1.cut.id_KT427725.1	-	-	-	-	-	-	-	-	-	1	-
HIV1.cut.id_KT427726.1	-	-	-	-	-	-	-	-	-	1	-
HIV1.cut.id_KT427727.1	2095.56	-	-	-	-	-	-	-	-	1	-
HIV1.cut.id_KT427728.1	3549.78	-	-	-	-	-	-	-	-	1	-
HIV1.cut.id_KT427729.1	-	-	-	-	-	-	-	-	-	1	-
HIV1.cut.id_KT427730.1	-	-	-	-	-	-	-	-	-	1	-
HIV1.cut.id_KT427731.1	-	-	-	-	-	-	-	-	-	1	-
HIV1.cut.id_KT427732.1	4330.31	-	-	-	-	-	-	-	-	1	-
HIV1.cut.id_KT427733.1	-	-	-	-	-	-	-	-	-	1	-
HIV1.cut.id_KT427734.1	1360.0	-	-	-	-	-	-	-	-	1	-
HIV1.cut.id_KT427735.1	-	-	-	-	-	-	-	-	-	1	-
HIV1.cut.id_KT427736.1	-	-	-	-	-	-	-	-	-	1	-
HIV1.cut.id_KT427737.1	-	-	-	-	-	-	-	-	-	1	-
HIV1.cut.id_KT427738.1	-	-	-	-	-	-	-	-	-	1	-
HIV1.cut.id_KT427739.1	-	-	-	-	-	-	-	-	-	1	-
HIV1.cut.id_KT427740.1	-	4861.11	-	-	-	-	-	-	-	1	-
HIV1.cut.id_KT427741.1	2825.11	-	-	-	-	-	-	-	-	1	-
HIV1.cut.id_KT427742.1	-	-	-	-	-	-	-	-	-	1	-
HIV1.cut.id_KT427743.1	-	-	-	-	-	-	-	-	-	1	-
HIV1.cut.id_KT427744.1	-	-	-	-	-	-	-	-	-	1	-
HIV1.cut.id_KT427745.1	-	-	-	-	-	-	-	-	-	1	-
HIV1.cut.id_KT427746.1	-	-	-	-	-	-	-	-	-	1	-
HIV1.cut.id_KT427747.1	-	-	-	-	-	-	-	-	-	1	-
HIV1.cut.id_KT427748.1	1208.98	-	-	-	-	-	-	-	-	1	-
HIV1.cut.id_KT427749.1	-	-	-	-	-	-	-	-	-	1	-
HIV1.cut.id_KT427750.1	-	-	-	-	-	-	-	-	-	1	-
HIV1.cut.id_KT427751.1	-	-	-	-	-	-	-	-	-	1	-
HIV1.cut.id_KT427752.1	-	-	-	-	-	-	-	-	-	1	-
HIV1.cut.id_KT427753.1	-	-	-	-	-	-	-	-	-	1	-
HIV1.cut.id_KT427754.1	-	-	-	-	-	-	-	-	-	1	-
HIV1.cut.id_KT427755.1	-	-	-	4225.35	-	-	-	-	-	1	-
HIV1.cut.id_KT427756.1	-	-	-	-	-	-	-	-	-	1	-
HIV1.cut.id_KT427757.1	-	-	-	-	-	-	-	-	-	1	-
HIV1.cut.id_KT427758.1	1899.34	-	-	-	-	-	-	-	-	1	-
HIV1.cut.id_KT427759.1	-	-	-	-	-	-	-	-	-	1	-
HIV1.cut.id_KT427760.1	-	-	-	-	-	-	-	-	-	1	-
HIV1.cut.id_KT427761.1	-	-	-	-	-	-	-	-	-	1	-
HIV1.cut.id_KT427762.1	-	-	-	-	-	-	-	-	-	1	-
HIV1.cut.id_KT427763.1	-	-	-	-	-	-	-	-	-	1	-
HIV1.cut.id_KT427764.1	-	-	-	-	-	-	-	-	-	1	-
HIV1.cut.id_KT427765.1	-	-	-	-	-	-	-	-	-	1	-
HIV1.cut.id_KT427766.1	-	-	-	-	-	-	-	-	-	1	-
HIV1.cut.id_KT427767.1	-	-	-	-	-	-	-	-	-	1	-
HIV1.cut.id_KT427768.1	-	-	-	-	-	-	-	-	-	1	-
HIV1.cut.id_KT427769.1	2777.78	-	-	-	-	-	-	-	-	1	-
HIV1.cut.id_KT427770.1	-	-	-	-	-	-	-	-	-	1	-
HIV1.cut.id_KT427771.1	-	-	-	-	-	-	-	-	-	1	-
HIV1.cut.id_KT427772.1	-	-	-	-	-	-	-	-	-	1	-
HIV1.cut.id_KT427773.1	-	-	-	-	-	-	-	-	-	1	-
HIV1.cut.id_KT427774.1	114.16	-	-	-	-	-	-	-	-	1	-
HIV1.cut.id_KT427775.1	-	-	-	-	-	-	-	-	-	1	-
HIV1.cut.id_KT427776.1	-	-	-	2816.9	-	-	-	-	-	1	-
HIV1.cut.id_KT427777.1	-	-	-	-	-	-	-	-	-	1	-
HIV1.cut.id_KT427778.1	-	-	-	-	-	-	-	-	-	1	-
HIV1.cut.id_KT427779.1	1392.52	-	-	-	-	-	-	-	-	1	-
HIV1.cut.id_KT427780.1	-	-	-	-	-	-	-	-	-	1	-
HIV1.cut.id_KT427781.1	-	-	-	-	-	-	-	-	-	1	-
HIV1.cut.id_KT427782.1	-	-	-	-	-	-	-	-	-	1	-
HIV1.cut.id_KT427783.1	1029.0	-	-	-	-	-	-	-	-	1	-
HIV1.cut.id_KT427784.1	-	-	-	-	-	-	-	-	-	1	-
HIV1.cut.id_KT427785.1	-	-	-	-	-	-	-	-	-	1	-
HIV1.cut.id_KT427786.1	0.0	-	-	-	-	-	-	-	-	1	-
HIV1.cut.id_KT427787.1	4754.42	-	-	-	-	-	-	-	-	1	-
HIV1.cut.id_KT427788.1	-	-	-	-	-	-	-	-	-	1	-
HIV1.cut.id_KT427789.1	-	-	-	-	-	-	-	-	-	1	-
HIV1.cut.id_KT427790.1	-	-	-	-	-	-	-	-	-	1	-
HIV1.cut.id_KT427791.1	-	-	-	-	-	-	-	-	-	1	-
HIV1.cut.id_KT427792.1	-	-	-	-	-	-	-	-	-	1	-
HIV1.cut.id_KT427794.1	-	-	-	-	-	-	-	-	-	1	-
HIV1.cut.id_KT427795.1	2585.41	-	-	-	-	-	-	-	-	1	-
HIV1.cut.id_KT427796.1	-	-	-	-	-	-	-	-	-	1	-
HIV1.cut.id_KT427797.1	-	-	-	-	-	-	-	-	-	1	-
HIV1.cut.id_KT427798.1	-	-	-	-	-	-	-	-	-	1	-
HIV1.cut.id_KT427799.1	-	-	-	-	-	-	-	-	-	1	-
HIV1.cut.id_KT427800.1	-	-	-	-	-	-	-	-	-	1	-
HIV1.cut.id_KT427801.1	-	-	-	-	-	-	-	-	-	1	-
HIV1.cut.id_KT427803.1	-	-	-	-	-	-	-	-	-	1	-
HIV1.cut.id_KT427805.1	-	-	-	-	-	-	-	-	-	1	-
HIV1.cut.id_KT427806.1	779.08	-	-	-	-	-	-	-	-	1	-
HIV1.cut.id_KT427807.1	-	-	-	-	-	-	-	-	-	1	-
HIV1.cut.id_KT427808.1	3134.33	-	-	-	-	-	-	-	-	1	-
HIV1.cut.id_KT427809.1	3069.77	-	-	-	-	-	-	-	-	1	-
HIV1.cut.id_KT427810.1	-	-	-	-	-	-	-	-	-	1	-
HIV1.cut.id_KT427815.1	-	-	-	-	-	-	-	-	-	1	-
HIV1.cut.id_KT427816.1	-	-	-	-	-	-	-	-	-	1	-
HIV1.cut.id_KT427817.1	1270.72	-	-	-	-	-	-	-	-	1	-
HIV1.cut.id_KT427818.1	4520.09	-	-	-	-	-	-	-	-	1	-
HIV1.cut.id_KT427819.1	-	-	-	-	-	-	-	-	-	1	-
HIV1.cut.id_KT427820.1	-	-	-	4589.37	-	-	-	-	-	1	-
HIV1.cut.id_KT427823.1	-	1405.62	-	-	-	-	-	-	-	1	-
HIV1.cut.id_KT427824.1	-	-	-	-	-	-	-	-	-	1	-
HIV1.cut.id_KT427825.1	-	-	-	2160.76	-	-	-	-	-	1	-
HIV1.cut.id_KT427826.1	0.0	2189.78	-	12895.93	-	-	-	-	-	1	-
HIV1.cut.id_KT427827.1	-	-	-	-	-	-	-	-	-	1	-
HIV1.cut.id_KT427828.1	-	-	-	-	-	-	-	-	-	1	-
HIV1.cut.id_KT427829.1	-	-	-	-	-	-	-	-	-	1	-
HIV1.cut.id_KT427830.1	-	-	-	-	-	-	-	-	-	1	-
HIV1.cut.id_KT427831.1	-	-	-	-	-	-	-	-	-	1	-
HIV1.cut.id_KT427865.1	-	-	-	-	-	-	-	-	-	1	-
HIV1.cut.id_KT427869.1	3721.17	-	-	-	-	-	-	-	-	1	-
HIV1.cut.id_KT427870.1	-	-	-	-	-	-	-	-	-	1	-
HIV1.cut.id_KT427872.1	5192.48	-	-	-	-	-	-	-	-	1	-
HIV1.cut.id_KT427873.1	3828.38	-	-	-	-	-	-	-	-	1	-
HIV1.cut.id_KT438782.1	-	-	-	2141.33	-	-	-	-	-	1	-
HIV1.cut.id_KT438783.1	-	-	-	-	-	-	-	-	-	1	-
HIV1.cut.id_KT438784.1	2455.36	-	-	-	-	-	-	-	-	1	-
HIV1.cut.id_KT982201.1	-	-	-	-	-	-	-	-	-	1	-
HIV1.cut.id_KU161143.1	4519.77	-	-	-	-	-	-	-	-	1	-
HIV1.cut.id_KU161144.1	-	-	-	-	-	-	-	-	-	1	-
HIV1.cut.id_KU161145.1	2890.17	-	-	-	-	-	-	-	-	1	-
HIV1.cut.id_KU168256.1	-	-	-	-	-	-	-	-	-	1	-
HIV1.cut.id_KU168257.1	-	-	-	-	-	-	-	-	-	1	-
HIV1.cut.id_KU168258.1	-	-	-	3071.02	-	-	-	-	-	1	-
HIV1.cut.id_KU168259.1	2590.09	-	-	-	-	-	-	-	-	1	-
HIV1.cut.id_KU168260.1	4249.29	-	-	-	-	-	-	-	-	1	-
HIV1.cut.id_KU168261.1	-	-	-	-	-	-	-	-	-	1	-
HIV1.cut.id_KU168262.1	-	-	-	-	-	-	-	-	-	1	-
HIV1.cut.id_KU168263.1	-	-	-	-	-	-	-	-	-	1	-
HIV1.cut.id_KU168264.1	-	-	-	-	-	-	-	-	-	1	-
HIV1.cut.id_KU168265.1	-	-	-	-	-	-	-	-	-	1	-
HIV1.cut.id_KU168266.1	-	-	-	-	-	-	-	-	-	1	-
HIV1.cut.id_KU168267.1	-	-	-	-	-	-	-	-	-	1	-
HIV1.cut.id_KU168268.1	757.58	-	-	-	-	-	-	-	-	1	-
HIV1.cut.id_KU168269.1	-	-	-	-	-	-	-	-	-	1	-
HIV1.cut.id_KU168270.1	-	-	-	-	-	-	-	-	-	1	-
HIV1.cut.id_KU168271.1	-	-	-	-	-	-	-	-	-	1	-
HIV1.cut.id_KU168272.1	-	-	-	-	-	-	-	-	-	1	-
HIV1.cut.id_KU168273.1	-	-	-	-	-	-	-	-	-	1	-
HIV1.cut.id_KU168274.1	1440.0	-	-	-	-	-	-	-	-	1	-
HIV1.cut.id_KU168275.1	4819.28	-	-	-	-	-	-	-	-	1	-
HIV1.cut.id_KU168276.1	-	-	-	-	-	-	-	-	-	1	-
HIV1.cut.id_KU168277.1	-	-	-	-	-	-	-	-	-	1	-
HIV1.cut.id_KU168278.1	-	-	-	-	-	-	-	-	-	1	-
HIV1.cut.id_KU168279.1	-	-	-	-	-	-	-	-	-	1	-
HIV1.cut.id_KU168280.1	-	-	-	18018.02	-	-	-	-	-	1	-
HIV1.cut.id_KU168281.1	-	-	-	-	-	-	-	-	-	1	-
HIV1.cut.id_KU168282.1	-	-	-	-	-	-	-	-	-	1	-
HIV1.cut.id_KU168283.1	-	-	-	-	-	-	-	-	-	1	-
HIV1.cut.id_KU168284.1	0.0	-	0.0	-	0.0	-	-	-	-	1	-
HIV1.cut.id_KU168285.1	-	2097.9	-	-	-	-	-	-	-	1	-
HIV1.cut.id_KU168286.1	-	-	-	-	-	-	-	-	-	1	-
HIV1.cut.id_KU168288.1	996.2	-	-	-	-	-	-	-	-	1	-
HIV1.cut.id_KU168289.1	-	-	-	-	-	-	-	-	-	1	-
HIV1.cut.id_KU168290.1	729.93	-	2162.63	0.0	-	-	-	-	-	1	-
HIV1.cut.id_KU168291.1	1056.91	3037.97	-	-	-	-	-	-	-	1	-
HIV1.cut.id_KU168292.1	-	-	-	-	-	-	-	-	-	1	-
HIV1.cut.id_KU168293.1	4129.26	3187.92	-	-	-	-	-	-	-	1	-
HIV1.cut.id_KU168294.1	-	-	-	-	-	-	-	-	-	1	-
HIV1.cut.id_KU168295.1	-	-	-	-	-	-	-	-	-	1	-
HIV1.cut.id_KU168296.1	3089.56	-	-	-	-	-	-	-	-	1	-
HIV1.cut.id_KU168297.1	2928.13	-	-	-	-	-	-	-	-	1	-
HIV1.cut.id_KU168298.1	0.0	-	-	2258.06	-	-	-	-	-	1	-
HIV1.cut.id_KU168299.1	0.0	-	-	-	-	-	-	-	-	1	-
HIV1.cut.id_KU168300.1	3740.37	-	-	-	-	-	-	-	-	1	-
HIV1.cut.id_KU168301.1	-	-	-	-	-	-	-	-	-	1	-
HIV1.cut.id_KU168302.1	-	-	-	-	-	-	-	-	-	1	-
HIV1.cut.id_KU168303.1	-	-	-	-	-	-	-	-	-	1	-
HIV1.cut.id_KU168304.1	0.0	-	-	-	-	-	-	-	-	1	-
HIV1.cut.id_KU168305.1	-	-	-	-	-	-	-	-	-	1	-
HIV1.cut.id_KU168306.1	2076.84	-	-	-	-	-	-	-	-	1	-
HIV1.cut.id_KU168307.1	-	-	-	-	-	-	-	-	-	1	-
HIV1.cut.id_KU168308.1	3087.65	-	-	-	-	-	-	-	-	1	-
HIV1.cut.id_KU168309.1	2156.55	-	-	-	-	-	-	-	-	1	-
HIV1.cut.id_KU168310.1	0.0	-	-	-	-	-	-	-	-	1	-
HIV1.cut.id_KU168311.1	-	-	-	-	-	-	-	-	-	1	-
HIV1.cut.id_KU501256.1	-	-	-	-	-	-	-	-	-	1	-
HIV1.cut.id_KU501257.1	-	-	-	-	-	-	-	-	-	1	-
HIV1.cut.id_KU612900.1	-	-	-	-	-	-	-	-	-	1	-
HIV1.cut.id_KU612901.1	2767.18	-	-	-	-	-	-	-	-	1	-
HIV1.cut.id_KU641402.1	-	-	-	-	-	-	-	-	-	1	-
HIV1.cut.id_KU677989.1	2534.85	-	-	-	-	-	-	-	-	1	-
HIV1.cut.id_KU677990.1	1471.48	-	-	2267.4	-	-	-	-	-	1	-
HIV1.cut.id_KU677991.1	1687.03	-	-	-	-	-	-	-	-	1	-
HIV1.cut.id_KU677992.1	1576.18	-	-	-	-	-	-	-	-	1	-
HIV1.cut.id_KU677993.1	-	805.15	-	529.1	-	-	-	-	-	1	-
HIV1.cut.id_KU677994.1	4445.13	-	-	-	-	-	-	-	-	1	-
HIV1.cut.id_KU677995.1	2522.31	-	-	8624.85	-	-	-	-	-	1	-
HIV1.cut.id_KU677996.1	-	-	-	-	-	-	-	-	-	1	-
HIV1.cut.id_KU677997.1	1131.54	-	-	1603.91	-	-	-	-	-	1	-
HIV1.cut.id_KU677998.1	1117.32	-	-	1376.15	-	-	-	-	-	1	-
HIV1.cut.id_KU677999.1	1101.93	-	-	-	-	-	-	-	-	1	-
HIV1.cut.id_KU678000.1	3542.51	3382.66	-	-	-	-	-	-	-	1	-
HIV1.cut.id_KU678001.1	1635.44	-	-	-	-	-	-	-	-	1	-
HIV1.cut.id_KU678025.1	2307.39	-	-	-	-	-	-	-	-	1	-
HIV1.cut.id_KU678026.1	1650.31	-	-	-	-	-	-	-	-	1	-
HIV1.cut.id_KU678027.1	-	-	-	-	-	-	-	-	-	1	-
HIV1.cut.id_KU678028.1	-	-	-	-	-	-	-	-	-	1	-
HIV1.cut.id_KU678029.1	2438.2	-	-	4269.29	-	-	-	-	-	1	-
HIV1.cut.id_KU678030.1	2850.49	-	-	-	-	-	-	-	-	1	-
HIV1.cut.id_KU678031.1	-	-	-	-	-	-	-	-	-	1	-
HIV1.cut.id_KU678032.1	1976.01	-	-	-	-	-	-	-	-	1	-
HIV1.cut.id_KU678034.1	4261.74	-	-	-	-	-	-	-	-	1	-
HIV1.cut.id_KU678035.1	2501.74	-	-	-	-	-	-	-	-	1	-
HIV1.cut.id_KU678036.1	2352.1	-	-	-	-	-	-	-	-	1	-
HIV1.cut.id_KU678049.1	1674.64	-	-	-	-	-	-	-	-	1	-
HIV1.cut.id_KU678050.1	-	-	-	3997.81	-	-	-	-	-	1	-
HIV1.cut.id_KU678051.1	2158.72	-	-	-	-	-	-	-	-	1	-
HIV1.cut.id_KU678052.1	-	-	-	-	-	-	-	-	-	1	-
HIV1.cut.id_KU678053.1	2480.42	-	-	-	-	-	-	-	-	1	-
HIV1.cut.id_KU678054.1	-	-	-	-	673.4	-	-	-	-	1	-
HIV1.cut.id_KU678055.1	5466.03	4635.76	-	-	-	-	-	-	-	1	-
HIV1.cut.id_KU678056.1	2450.74	-	-	2982.11	-	-	-	-	-	1	-
HIV1.cut.id_KU678058.1	-	-	-	-	-	-	-	-	-	1	-
HIV1.cut.id_KU678059.1	3013.42	484.76	-	442.26	-	-	-	-	-	1	-
HIV1.cut.id_KU678060.1	3060.76	-	-	662.25	-	-	-	-	-	1	-
HIV1.cut.id_KU678061.1	3144.36	-	-	1875.0	-	-	-	-	-	1	-
HIV1.cut.id_KU678062.1	2353.56	-	-	-	-	-	-	-	-	1	-
HIV1.cut.id_KU678069.1	191.39	-	-	-	-	-	-	-	-	1	-
HIV1.cut.id_KU678070.1	1765.8	-	-	2002.36	-	-	-	-	-	1	-
HIV1.cut.id_KU678071.1	4987.03	-	-	-	-	-	-	-	-	1	-
HIV1.cut.id_KU678074.1	-	-	-	-	-	-	-	-	-	1	-
HIV1.cut.id_KU678075.1	-	-	-	-	-	-	-	-	-	1	-
HIV1.cut.id_KU678076.1	2748.89	-	-	-	-	-	-	-	-	1	-
HIV1.cut.id_KU678077.1	-	-	-	-	-	-	-	-	-	1	-
HIV1.cut.id_KU678080.1	1526.38	-	-	-	-	-	-	-	-	1	-
HIV1.cut.id_KU678081.1	4326.92	-	-	-	-	-	-	-	-	1	-
HIV1.cut.id_KU678082.1	3024.39	-	-	5681.82	-	-	-	-	-	1	-
HIV1.cut.id_KU678083.1	3635.92	-	-	-	-	-	-	-	-	1	-
HIV1.cut.id_KU678124.1	-	-	-	-	-	-	-	-	-	1	-
HIV1.cut.id_KU678125.1	-	-	-	-	-	-	-	-	-	1	-
HIV1.cut.id_KU678139.1	973.24	-	-	-	-	-	-	-	-	1	-
HIV1.cut.id_KU678140.1	3071.77	-	-	-	-	-	-	-	-	1	-
HIV1.cut.id_KU678141.1	886.38	-	-	-	884.96	-	-	-	-	1	-
HIV1.cut.id_KU678143.1	699.3	-	-	-	-	-	-	-	-	1	-
HIV1.cut.id_KU678144.1	1746.28	-	-	-	-	-	-	-	-	1	-
HIV1.cut.id_KU678145.1	2006.95	-	-	-	1327.8	-	-	-	-	1	-
HIV1.cut.id_KU678161.1	-	-	-	925.39	-	-	-	-	-	1	-
HIV1.cut.id_KU678162.1	-	-	-	-	-	-	-	-	-	1	-
HIV1.cut.id_KU678163.1	2851.41	-	-	-	-	-	-	-	-	1	-
HIV1.cut.id_KU678164.1	2915.19	-	-	1546.74	-	-	-	-	-	1	-
HIV1.cut.id_KU678165.1	1955.02	-	-	-	-	-	-	-	-	1	-
HIV1.cut.id_KU678166.1	4270.99	-	-	-	-	-	-	-	-	1	-
HIV1.cut.id_KU678167.1	3271.85	-	-	-	-	-	-	-	-	1	-
HIV1.cut.id_KU678168.1	756.35	-	-	-	-	-	-	-	-	1	-
HIV1.cut.id_KU678169.1	-	-	-	713.15	-	-	-	-	-	1	-
HIV1.cut.id_KU678170.1	1273.71	-	-	-	-	-	-	-	-	1	-
HIV1.cut.id_KU678171.1	994.69	-	-	-	-	-	-	-	-	1	-
HIV1.cut.id_KU678172.1	2706.19	-	-	-	-	-	-	-	-	1	-
HIV1.cut.id_KU678173.1	3315.07	-	-	-	-	-	-	-	-	1	-
HIV1.cut.id_KU678174.1	4620.12	-	-	-	-	-	-	-	-	1	-
HIV1.cut.id_KU678175.1	1516.03	-	-	-	-	-	-	-	-	1	-
HIV1.cut.id_KU678176.1	-	-	-	-	-	-	-	-	-	1	-
HIV1.cut.id_KU678177.1	1055.9	-	-	-	-	-	-	-	-	1	-
HIV1.cut.id_KU678178.1	3121.18	-	-	-	-	-	-	-	-	1	-
HIV1.cut.id_KU678179.1	436.11	-	-	-	-	-	-	-	-	1	-
HIV1.cut.id_KU678180.1	-	-	-	4128.9	-	-	-	-	-	1	-
HIV1.cut.id_KU678191.1	2211.4	-	-	1013.51	-	-	-	-	-	1	-
HIV1.cut.id_KU678192.1	4760.08	-	-	-	-	-	-	-	-	1	-
HIV1.cut.id_KU678193.1	1169.06	-	-	-	-	-	-	-	-	1	-
HIV1.cut.id_KU749387.1	-	-	-	1771.48	-	-	-	-	-	1	-
HIV1.cut.id_KU749388.1	-	-	-	-	-	-	-	-	-	1	-
HIV1.cut.id_KU749389.1	-	-	-	-	-	-	-	-	-	1	-
HIV1.cut.id_KU749390.1	-	-	-	-	-	-	-	-	-	1	-
HIV1.cut.id_KU749391.1	438.87	-	-	71.02	-	-	-	-	-	1	-
HIV1.cut.id_KU749392.1	3986.93	-	-	-	-	-	-	-	-	1	-
HIV1.cut.id_KU749393.1	4600.48	-	-	-	-	-	-	-	-	1	-
HIV1.cut.id_KU749394.1	-	-	-	-	-	-	-	-	-	1	-
HIV1.cut.id_KU749395.1	-	-	-	-	-	-	-	-	-	1	-
HIV1.cut.id_KU749396.1	3600.82	-	-	-	-	-	-	-	-	1	-
HIV1.cut.id_KU749397.1	-	-	-	-	-	-	-	-	-	1	-
HIV1.cut.id_KU749398.1	-	-	-	-	-	-	-	-	-	1	-
HIV1.cut.id_KU749399.1	-	-	-	-	-	-	-	-	-	1	-
HIV1.cut.id_KU749400.1	-	-	-	-	-	-	-	-	-	1	-
HIV1.cut.id_KU749401.1	3564.73	-	-	-	-	-	-	-	-	1	-
HIV1.cut.id_KU749402.1	-	-	-	-	-	-	-	-	-	1	-
HIV1.cut.id_KU749403.1	1342.81	-	-	-	-	-	-	-	-	1	-
HIV1.cut.id_KU749404.1	-	-	-	-	-	-	-	-	-	1	-
HIV1.cut.id_KU749405.1	-	-	-	-	-	-	-	-	-	1	-
HIV1.cut.id_KU749406.1	-	-	-	-	-	-	-	-	-	1	-
HIV1.cut.id_KU749407.1	-	-	-	-	-	-	-	-	-	1	-
HIV1.cut.id_KU749408.1	1771.34	-	-	-	-	-	-	-	-	1	-
HIV1.cut.id_KU749409.1	0.0	-	-	4248.37	-	-	-	-	-	1	-
HIV1.cut.id_KU749410.3	2873.56	-	-	-	-	-	-	-	-	1	-
HIV1.cut.id_KU749411.1	4148.15	-	-	-	-	-	-	-	-	1	-
HIV1.cut.id_KU749412.1	-	-	-	-	-	-	-	-	-	1	-
HIV1.cut.id_KU749413.1	2540.42	-	-	-	-	-	-	-	-	1	-
HIV1.cut.id_KU749414.1	-	-	-	-	-	-	-	-	-	1	-
HIV1.cut.id_KU749415.1	2023.81	-	-	-	-	-	-	-	-	1	-
HIV1.cut.id_KU749416.1	-	-	-	-	-	-	-	-	-	1	-
HIV1.cut.id_KU749417.1	0.0	2429.15	-	-	-	-	-	-	-	1	-
HIV1.cut.id_KU749418.1	-	-	-	-	-	-	-	-	-	1	-
HIV1.cut.id_KU749419.1	-	-	-	-	-	-	-	-	-	1	-
HIV1.cut.id_KU749420.1	-	-	-	-	-	-	-	-	-	1	-
HIV1.cut.id_KU749421.1	4397.54	-	-	-	-	-	-	-	-	1	-
HIV1.cut.id_KU749422.1	-	-	-	-	-	-	-	-	-	1	-
HIV1.cut.id_KU749423.1	4884.79	-	-	-	-	-	-	-	-	1	-
HIV1.cut.id_KU749424.1	-	-	-	-	-	-	-	-	-	1	-
HIV1.cut.id_KU749425.1	-	-	-	-	-	-	-	-	-	1	-
HIV1.cut.id_KU749426.1	-	-	-	-	-	-	-	-	-	1	-
HIV1.cut.id_KU749427.1	-	-	-	3735.88	3710.09	-	-	-	-	1	-
HIV1.cut.id_KU749428.1	1156.94	-	-	-	-	-	-	-	-	1	-
HIV1.cut.id_KU749429.1	1119.02	-	-	-	-	-	-	-	-	1	-
HIV1.cut.id_KU749430.1	-	-	-	-	-	-	-	-	-	1	-
HIV1.cut.id_KU749431.1	-	-	-	-	-	-	-	-	-	1	-
HIV1.cut.id_KU749432.1	-	-	-	-	-	-	-	-	-	1	-
HIV1.cut.id_KU886698.1	1080.85	-	-	-	-	-	-	-	-	1	-
HIV1.cut.id_KU992928.1	5319.91	-	-	-	-	-	-	-	-	1	-
HIV1.cut.id_KU992929.1	1073.35	-	-	-	-	-	-	-	-	1	-
HIV1.cut.id_KU992930.1	-	-	-	-	-	-	-	-	-	1	-
HIV1.cut.id_KU992931.1	-	-	-	-	-	-	-	-	-	1	-
HIV1.cut.id_KU992932.1	-	-	-	-	-	-	-	-	-	1	-
HIV1.cut.id_KU992933.1	2021.77	-	-	-	-	-	-	-	-	1	-
HIV1.cut.id_KU992934.1	1357.47	-	-	-	-	-	-	-	-	1	-
HIV1.cut.id_KU992935.1	-	-	-	-	-	-	-	-	-	1	-
HIV1.cut.id_KU992936.1	-	-	-	-	-	-	-	-	-	1	-
HIV1.cut.id_KU992937.1	-	-	-	-	-	-	-	-	-	1	-
HIV1.cut.id_KX069219.1	-	-	-	-	-	-	-	-	-	1	-
HIV1.cut.id_KX069220.1	-	-	-	-	-	-	-	-	-	1	-
HIV1.cut.id_KX069221.1	8496.73	-	-	-	-	-	-	-	-	1	-
HIV1.cut.id_KX069222.1	4778.16	-	-	-	-	-	-	-	-	1	-
HIV1.cut.id_KX069223.1	-	-	-	-	-	-	-	-	-	1	-
HIV1.cut.id_KX069224.1	-	-	-	-	-	-	-	-	-	1	-
HIV1.cut.id_KX069225.1	-	-	-	-	-	-	-	-	-	1	-
HIV1.cut.id_KX069226.1	3295.13	-	-	-	-	-	-	-	-	1	-
HIV1.cut.id_KX069227.1	-	-	-	-	-	-	-	-	-	1	-
HIV1.cut.id_KX069228.1	-	-	-	-	-	-	-	-	-	1	-
HIV1.cut.id_KX159285.1	-	-	-	-	-	-	-	-	-	1	-
HIV1.cut.id_KX228799.1	2416.49	-	-	1288.66	-	-	-	-	-	1	-
HIV1.cut.id_KX228800.1	-	-	-	-	-	-	-	-	-	1	-
HIV1.cut.id_KX228801.1	1916.93	-	-	-	-	-	-	-	-	1	-
HIV1.cut.id_KX228802.1	-	-	-	-	-	-	-	-	-	1	-
HIV1.cut.id_KX228803.1	2870.81	-	-	-	-	-	-	-	-	1	-
HIV1.cut.id_KX228804.1	-	-	-	-	-	-	-	-	-	1	-
HIV1.cut.id_KX228805.1	-	-	-	-	-	-	-	-	-	1	-
HIV1.cut.id_KX228806.1	-	-	-	-	-	-	-	-	-	1	-
HIV1.cut.id_KX228807.1	-	-	-	-	-	-	-	-	-	1	-
HIV1.cut.id_KX228808.1	-	-	-	-	-	-	-	-	-	1	-
HIV1.cut.id_KX228809.1	-	-	-	2599.01	-	-	-	-	-	1	-
HIV1.cut.id_KX228810.1	3524.59	-	-	-	-	-	-	-	-	1	-
HIV1.cut.id_KX228811.1	-	-	-	-	-	-	-	-	-	1	-
HIV1.cut.id_KX228812.1	1114.21	-	-	976.29	-	-	-	-	-	1	-
HIV1.cut.id_KX228813.1	0.0	-	-	-	-	-	-	-	-	1	-
HIV1.cut.id_KX228814.1	-	-	-	-	-	-	-	-	-	1	-
HIV1.cut.id_KX228815.1	-	-	-	-	-	-	-	-	-	1	-
HIV1.cut.id_KX228816.1	3382.29	-	-	-	-	-	-	-	-	1	-
HIV1.cut.id_KX228817.1	-	-	-	-	-	-	-	-	-	1	-
HIV1.cut.id_KX228818.1	-	-	-	-	-	-	-	-	-	1	-
HIV1.cut.id_KX228819.1	2798.05	-	-	-	-	-	-	-	-	1	-
HIV1.cut.id_KX228820.1	-	-	-	-	-	-	-	-	-	1	-
HIV1.cut.id_KX228821.1	-	-	-	-	-	-	-	-	-	1	-
HIV1.cut.id_KX228822.1	-	-	-	-	-	-	-	-	-	1	-
HIV1.cut.id_KX228823.1	1909.72	-	-	-	-	-	-	-	-	1	-
HIV1.cut.id_KX228824.1	-	-	-	-	-	-	-	-	-	1	-
HIV1.cut.id_KX228825.1	-	-	-	-	-	-	-	-	-	1	-
HIV1.cut.id_KX232594.1	1092.5	-	-	-	-	-	-	-	-	1	-
HIV1.cut.id_KX232595.1	-	-	-	-	-	-	-	-	-	1	-
HIV1.cut.id_KX232596.1	3934.01	-	-	-	-	-	-	-	-	1	-
HIV1.cut.id_KX232597.1	-	-	-	-	-	-	-	-	-	1	-
HIV1.cut.id_KX232599.1	1110.39	-	-	-	-	-	-	-	-	1	-
HIV1.cut.id_KX232600.1	-	-	-	-	-	-	-	-	-	1	-
HIV1.cut.id_KX232601.1	-	-	-	3508.77	-	-	-	-	-	1	-
HIV1.cut.id_KX232602.1	0.0	-	-	-	-	-	-	-	-	1	-
HIV1.cut.id_KX232604.1	-	-	-	-	-	-	-	-	-	1	-
HIV1.cut.id_KX232605.1	-	-	-	-	-	-	-	-	-	1	-
HIV1.cut.id_KX232606.1	1205.38	-	-	2006.69	-	-	-	-	-	1	-
HIV1.cut.id_KX232607.1	1225.81	-	-	2115.38	-	-	-	-	-	1	-
HIV1.cut.id_KX232609.1	-	-	-	3597.12	-	-	-	-	-	1	-
HIV1.cut.id_KX232610.1	-	-	-	-	-	-	-	-	-	1	-
HIV1.cut.id_KX232611.1	392.93	-	-	-	-	-	-	-	-	1	-
HIV1.cut.id_KX232612.1	2195.95	-	-	-	-	-	-	-	-	1	-
HIV1.cut.id_KX232613.1	-	-	-	-	-	-	-	-	-	1	-
HIV1.cut.id_KX232614.1	1409.59	-	-	1498.13	-	-	-	-	-	1	-
HIV1.cut.id_KX232615.1	373.48	-	-	-	-	-	-	-	-	1	-
HIV1.cut.id_KX232616.1	2093.72	-	-	-	-	-	-	-	-	1	-
HIV1.cut.id_KX232617.1	838.69	-	-	4088.59	-	-	-	-	-	1	-
HIV1.cut.id_KX232619.1	2177.78	-	-	-	-	-	-	-	-	1	-
HIV1.cut.id_KX232620.1	842.27	4266.09	-	3125.0	-	-	-	-	-	1	-
HIV1.cut.id_KX232621.1	835.65	4216.87	-	-	-	-	-	-	-	1	-
HIV1.cut.id_KX232622.1	-	-	-	-	-	-	-	-	-	1	-
HIV1.cut.id_KX232623.1	2986.51	-	-	-	-	-	-	-	-	1	-
HIV1.cut.id_KX232625.1	1591.4	4989.82	-	-	-	-	-	-	-	1	-
HIV1.cut.id_KX232626.1	-	-	-	-	-	-	-	-	-	1	-
HIV1.cut.id_KX232627.1	-	-	-	-	-	-	-	-	-	1	-
HIV1.cut.id_KX232628.1	-	-	-	-	-	-	-	-	-	1	-
HIV1.cut.id_KX232629.1	2933.99	-	-	-	-	-	-	-	-	1	-
HIV1.cut.id_KX353919.1	-	-	-	-	-	-	-	-	-	1	-
HIV1.cut.id_KX378999.1	-	-	-	-	-	-	-	-	-	1	-
HIV1.cut.id_KX379000.1	1751.71	-	-	-	-	-	-	-	-	1	-
HIV1.cut.id_KX673818.1	4738.15	-	-	-	-	-	-	-	-	1	-
HIV1.cut.id_KX673819.1	-	-	-	-	-	-	-	-	-	1	-
HIV1.cut.id_KX673820.1	-	-	-	-	-	-	-	-	-	1	-
HIV1.cut.id_KX673821.1	-	-	-	-	-	-	-	-	-	1	-
HIV1.cut.id_KY112585.1	-	-	3781.51	-	-	-	-	-	-	1	-
HIV1.cut.id_KY359380.1	-	4452.05	-	-	-	-	-	-	-	1	-
HIV1.cut.id_KY359381.1	-	-	-	-	-	-	-	-	-	1	-
HIV1.cut.id_KY359382.1	-	-	-	-	-	-	-	-	-	1	-
HIV1.cut.id_KY359383.1	342.47	4581.67	-	-	-	-	-	-	-	1	-
HIV1.cut.id_KY359384.1	-	-	-	1925.55	1925.55	-	-	-	-	1	-
HIV1.cut.id_KY359385.1	-	-	-	-	-	-	-	-	-	1	-
HIV1.cut.id_KY364886.1	-	-	-	-	-	-	-	-	-	1	-
HIV1.cut.id_KY392767.1	-	-	-	-	-	-	-	-	-	1	-
HIV1.cut.id_KY392768.1	-	-	-	-	-	-	-	-	-	1	-
HIV1.cut.id_KY392769.1	-	-	-	-	-	-	-	-	-	1	-
HIV1.cut.id_KY392770.1	-	-	-	-	-	-	-	-	-	1	-
HIV1.cut.id_KY392771.1	-	-	-	-	-	-	-	-	-	1	-
HIV1.cut.id_KY392772.1	-	-	-	-	-	-	-	-	-	1	-
HIV1.cut.id_KY392773.1	3135.69	-	-	-	-	-	-	-	-	1	-
HIV1.cut.id_KY392774.1	-	-	-	3562.01	1950.35	-	-	-	-	1	-
HIV1.cut.id_KY392775.1	-	-	-	-	-	-	-	-	-	1	-
HIV1.cut.id_KY392776.1	2931.94	-	-	-	-	-	-	-	-	1	-
HIV1.cut.id_KY392777.1	4516.13	-	-	-	-	-	-	-	-	1	-
HIV1.cut.id_KY392778.1	-	-	-	-	-	-	-	-	-	1	-
HIV1.cut.id_KY392779.1	-	-	-	-	-	-	-	-	-	1	-
HIV1.cut.id_KY392780.1	-	-	-	-	-	-	-	-	-	1	-
HIV1.cut.id_KY465967.1	-	-	-	-	1109.57	-	-	-	-	1	-
HIV1.cut.id_KY465968.1	2097.9	-	-	-	-	-	-	-	-	1	-
HIV1.cut.id_KY465969.1	-	-	-	4864.86	-	-	-	-	-	1	-
HIV1.cut.id_KY496622.1	-	-	-	-	-	-	-	-	-	1	-
HIV1.cut.id_KY496623.1	2662.72	-	-	-	-	-	-	-	-	1	-
HIV1.cut.id_KY496624.1	-	-	-	-	-	-	-	-	-	1	-
HIV1.cut.id_KY498771.1	-	-	-	-	-	-	-	-	-	1	-
HIV1.cut.id_KY514084.1	3256.7	-	-	-	-	-	-	-	-	1	-
HIV1.cut.id_KY514085.1	-	-	-	-	-	-	-	-	-	1	-
HIV1.cut.id_KY557336.1	-	-	-	-	-	-	-	-	-	1	-
HIV1.cut.id_KY658681.1	262.47	-	-	-	-	-	-	-	-	1	-
HIV1.cut.id_KY658682.1	1685.39	-	-	-	-	-	-	-	-	1	-
HIV1.cut.id_KY658683.1	-	-	-	-	-	-	-	-	-	1	-
HIV1.cut.id_KY658684.1	1181.1	-	-	-	-	-	-	-	-	1	-
HIV1.cut.id_KY658685.1	-	-	-	-	-	-	-	-	-	1	-
HIV1.cut.id_KY658686.1	-	-	-	4253.31	-	-	-	-	-	1	-
HIV1.cut.id_KY658687.1	-	-	-	-	-	-	-	-	-	1	-
HIV1.cut.id_KY658688.1	-	-	-	-	-	-	-	-	-	1	-
HIV1.cut.id_KY658689.1	-	-	-	-	-	-	-	-	-	1	-
HIV1.cut.id_KY658690.1	-	-	-	-	-	-	-	-	-	1	-
HIV1.cut.id_KY658691.1	2680.07	-	-	-	-	-	-	-	-	1	-
HIV1.cut.id_KY658692.1	-	-	-	-	-	-	-	-	-	1	-
HIV1.cut.id_KY658693.1	-	-	-	-	-	-	-	-	-	1	-
HIV1.cut.id_KY658694.1	3416.15	-	-	-	-	-	-	-	-	1	-
HIV1.cut.id_KY658695.1	-	-	-	-	-	-	-	-	-	1	-
HIV1.cut.id_KY658696.1	-	-	-	-	-	-	-	-	-	1	-
HIV1.cut.id_KY658697.1	-	-	-	-	-	-	-	-	-	1	-
HIV1.cut.id_KY658698.1	-	-	-	-	-	-	-	-	-	1	-
HIV1.cut.id_KY658699.1	4829.31	-	-	-	-	-	-	-	-	1	-
HIV1.cut.id_KY658700.1	-	-	-	-	-	-	-	-	-	1	-
HIV1.cut.id_KY658701.1	-	-	-	-	-	-	-	-	-	1	-
HIV1.cut.id_KY658702.1	-	-	-	-	-	-	-	-	-	1	-
HIV1.cut.id_KY658703.1	-	-	-	-	-	-	-	-	-	1	-
HIV1.cut.id_KY658704.1	2780.12	4343.53	-	4191.11	-	-	-	-	-	1	-
HIV1.cut.id_KY658705.1	-	-	-	-	-	-	-	-	-	1	-
HIV1.cut.id_KY658706.1	4545.45	-	-	-	-	-	-	-	-	1	-
HIV1.cut.id_KY658707.1	-	-	-	-	-	-	-	-	-	1	-
HIV1.cut.id_KY658708.1	-	-	-	-	-	-	-	-	-	1	-
HIV1.cut.id_KY658709.1	-	-	-	-	-	-	-	-	-	1	-
HIV1.cut.id_KY658710.1	-	-	-	-	-	-	-	-	-	1	-
HIV1.cut.id_KY658711.1	3163.44	-	-	-	-	-	-	-	-	1	-
HIV1.cut.id_KY658712.1	-	-	-	-	-	-	-	-	-	1	-
HIV1.cut.id_KY658713.1	-	-	-	3740.65	-	-	-	-	-	1	-
HIV1.cut.id_KY658714.1	-	-	-	-	-	-	-	-	-	1	-
HIV1.cut.id_KY658715.1	614.16	-	-	5736.71	-	-	-	-	-	1	-
HIV1.cut.id_KY658716.1	5649.42	-	985.66	-	-	-	-	-	-	1	-
HIV1.cut.id_KY658717.1	2026.29	-	-	2197.8	-	-	-	-	-	1	-
HIV1.cut.id_KY658718.1	-	-	-	-	-	-	-	-	-	1	-
HIV1.cut.id_KY658719.1	-	-	-	-	-	-	-	-	-	1	-
HIV1.cut.id_KY778445.1	-	-	-	-	-	-	-	-	-	1	-
HIV1.cut.id_KY778450.1	-	-	-	-	-	-	-	-	-	1	-
HIV1.cut.id_KY778456.1	-	-	-	-	-	-	-	-	-	1	-
HIV1.cut.id_KY778468.1	-	-	-	-	-	-	-	-	-	1	-
HIV1.cut.id_KY778473.1	0.0	-	-	-	-	-	-	-	-	1	-
HIV1.cut.id_KY778479.1	-	-	247.32	-	86.13	-	-	-	-	1	-
HIV1.cut.id_KY778482.1	2447.34	-	-	-	2169.81	-	-	-	-	1	-
HIV1.cut.id_KY778486.1	-	-	-	-	-	-	-	-	-	1	-
HIV1.cut.id_KY778487.1	-	4369.41	-	-	-	-	-	-	-	1	-
HIV1.cut.id_KY778496.1	-	-	-	-	-	-	-	-	-	1	-
HIV1.cut.id_KY778502.1	1646.23	-	-	-	-	-	-	-	-	1	-
HIV1.cut.id_KY778510.1	-	-	352.36	-	-	-	-	-	-	1	-
HIV1.cut.id_KY778516.1	1197.13	-	-	-	0.0	-	-	-	-	1	-
HIV1.cut.id_KY778517.1	1621.62	-	-	-	-	-	-	-	-	1	-
HIV1.cut.id_KY778521.1	-	-	-	3186.42	-	-	-	-	-	1	-
HIV1.cut.id_KY778529.1	172.56	-	-	-	-	-	-	-	-	1	-
HIV1.cut.id_KY778545.1	-	-	-	8092.78	-	-	-	-	-	1	-
HIV1.cut.id_KY950610.1	609.76	-	-	-	-	-	-	-	-	1	-
HIV1.cut.id_KY989949.1	-	-	-	-	-	-	-	-	-	1	-
HIV1.cut.id_KY989950.1	-	-	-	-	-	-	-	-	-	1	-
HIV1.cut.id_KY989951.1	-	-	-	-	-	-	-	-	-	1	-
HIV1.cut.id_KY989952.1	-	-	-	-	-	-	-	-	-	1	-
HIV1.cut.id_KY989953.1	-	-	-	-	-	-	-	-	-	1	-
HIV1.cut.id_KY989954.1	-	-	-	-	-	-	-	-	-	1	-
HIV1.cut.id_KY989955.1	3311.26	-	-	-	-	-	-	-	-	1	-
HIV1.cut.id_KY989956.1	-	-	-	-	-	-	-	-	-	1	-
HIV1.cut.id_KY989957.1	-	-	4206.73	-	-	-	-	-	-	1	-
HIV1.cut.id_KY995542.1	3101.42	-	3727.87	-	-	-	-	-	-	1	-
HIV1.cut.id_L02317.1	2349.87	-	-	2990.03	-	-	-	-	-	1	-
HIV1.cut.id_L20571.1	3267.33	-	-	-	-	-	-	-	-	1	-
HIV1.cut.id_L20587.1	-	-	-	4158.96	-	-	-	-	-	1	-
HIV1.cut.id_L31963.1	1824.82	-	-	-	-	-	-	-	-	1	-
HIV1.cut.id_L39106.1	758.85	-	-	-	-	-	-	-	-	1	-
HIV1.cut.id_LC027100.1	-	-	-	-	-	-	-	-	-	1	-
HIV1.cut.id_M17449.1	5677.29	-	-	-	-	-	-	-	-	1	-
HIV1.cut.id_M17451.1	-	-	-	-	-	-	-	-	-	1	-
HIV1.cut.id_M22639.1	3578.15	-	-	-	-	-	-	-	-	1	-
HIV1.cut.id_M26727.1	3010.2	-	-	-	-	-	-	-	-	1	-
HIV1.cut.id_M27323.1	450.96	-	-	-	-	-	-	-	-	1	-
HIV1.cut.id_M38429.1	-	-	-	-	-	-	-	-	-	1	-
HIV1.cut.id_M38431.1	-	-	-	-	-	-	-	-	-	1	-
HIV1.cut.id_M62320.1	732.06	-	-	2822.32	-	-	-	-	-	1	-
HIV1.cut.id_M93258.1	2609.39	-	-	-	-	-	-	-	-	1	-
HIV1.cut.id_M93259.1	3224.87	-	-	3000.0	-	-	-	-	-	1	-
HIV1.cut.id_MF373124.1	-	-	-	-	-	-	-	-	-	1	-
HIV1.cut.id_MF373125.1	-	-	-	-	-	-	-	-	-	1	-
HIV1.cut.id_MF373126.1	-	-	-	-	-	-	-	-	-	1	-
HIV1.cut.id_MF373127.1	-	-	-	-	-	-	-	-	-	1	-
HIV1.cut.id_MF373128.1	-	-	-	-	-	-	-	-	-	1	-
HIV1.cut.id_MF373129.1	-	-	-	-	-	-	-	-	-	1	-
HIV1.cut.id_MF373130.1	3565.37	-	-	-	-	-	-	-	-	1	-
HIV1.cut.id_MF373131.1	0.0	-	-	-	-	-	-	-	-	1	-
HIV1.cut.id_MF373132.1	1472.81	-	-	-	-	-	-	-	-	1	-
HIV1.cut.id_MF373133.1	2504.17	-	-	-	-	-	-	-	-	1	-
HIV1.cut.id_MF373134.1	-	-	-	-	-	-	-	-	-	1	-
HIV1.cut.id_MF373135.1	1898.95	-	-	-	-	-	-	-	-	1	-
HIV1.cut.id_MF373136.1	-	-	-	-	-	-	-	-	-	1	-
HIV1.cut.id_MF373137.1	-	-	-	-	-	-	-	-	-	1	-
HIV1.cut.id_MF373138.1	-	-	-	-	-	-	-	-	-	1	-
HIV1.cut.id_MF373139.1	-	-	-	-	-	-	-	-	-	1	-
HIV1.cut.id_MF373140.1	-	-	-	-	-	-	-	-	-	1	-
HIV1.cut.id_MF373141.1	-	-	-	-	-	-	-	-	-	1	-
HIV1.cut.id_MF373142.1	-	-	-	-	-	-	-	-	-	1	-
HIV1.cut.id_MF373143.1	-	-	-	-	-	-	-	-	-	1	-
HIV1.cut.id_MF373144.1	-	4872.88	-	-	-	-	-	-	-	1	-
HIV1.cut.id_MF373145.1	-	-	-	-	-	-	-	-	-	1	-
HIV1.cut.id_MF373146.1	-	-	-	-	-	-	-	-	-	1	-
HIV1.cut.id_MF373147.1	2123.4	-	-	-	-	-	-	-	-	1	-
HIV1.cut.id_MF373148.1	-	-	-	-	-	-	-	-	-	1	-
HIV1.cut.id_MF373149.1	-	-	-	-	-	-	-	-	-	1	-
HIV1.cut.id_MF373150.1	-	-	-	-	-	-	-	-	-	1	-
HIV1.cut.id_MF373151.1	0.0	-	-	-	-	-	-	-	-	1	-
HIV1.cut.id_MF373152.1	-	-	-	-	-	-	-	-	-	1	-
HIV1.cut.id_MF373153.1	3699.79	-	-	4135.89	-	-	-	-	-	1	-
HIV1.cut.id_MF373154.1	0.0	-	-	-	-	-	-	-	-	1	-
HIV1.cut.id_MF373155.1	3527.48	-	-	-	-	-	-	-	-	1	-
HIV1.cut.id_MF373156.1	1831.13	-	-	-	-	-	-	-	-	1	-
HIV1.cut.id_MF373157.1	-	-	-	-	-	-	-	-	-	1	-
HIV1.cut.id_MF373158.1	-	-	-	-	-	-	-	-	-	1	-
HIV1.cut.id_MF373159.1	4587.16	-	-	-	-	-	-	-	-	1	-
HIV1.cut.id_MF373160.1	-	-	-	-	-	-	-	-	-	1	-
HIV1.cut.id_MF373161.1	-	-	-	-	-	-	-	-	-	1	-
HIV1.cut.id_MF373162.1	-	-	-	3645.32	-	-	-	-	-	1	-
HIV1.cut.id_MF373163.1	-	-	-	-	-	-	-	-	-	1	-
HIV1.cut.id_MF373164.1	-	-	-	-	-	-	-	-	-	1	-
HIV1.cut.id_MF373165.1	3886.26	-	-	-	-	-	-	-	-	1	-
HIV1.cut.id_MF373166.1	-	-	-	-	-	-	-	-	-	1	-
HIV1.cut.id_MF373167.1	-	-	-	-	-	-	-	-	-	1	-
HIV1.cut.id_MF373168.1	0.0	-	-	-	-	-	-	-	-	1	-
HIV1.cut.id_MF373169.1	-	-	-	-	-	-	-	-	-	1	-
HIV1.cut.id_MF373170.1	3700.19	-	-	-	-	-	-	-	-	1	-
HIV1.cut.id_MF373171.1	-	-	-	-	-	-	-	-	-	1	-
HIV1.cut.id_MF373172.1	-	-	-	-	-	-	-	-	-	1	-
HIV1.cut.id_MF373173.1	-	-	-	-	-	-	-	-	-	1	-
HIV1.cut.id_MF373174.1	-	-	-	-	-	-	-	-	-	1	-
HIV1.cut.id_MF373175.1	-	-	-	-	-	-	-	-	-	1	-
HIV1.cut.id_MF373176.1	4950.5	-	-	-	-	-	-	-	-	1	-
HIV1.cut.id_MF373177.1	-	-	-	-	-	-	-	-	-	1	-
HIV1.cut.id_MF373178.1	-	-	-	-	-	-	-	-	-	1	-
HIV1.cut.id_MF373179.1	3344.64	-	-	-	-	-	-	-	-	1	-
HIV1.cut.id_MF373180.1	1225.26	-	-	-	-	-	-	-	-	1	-
HIV1.cut.id_MF373181.1	-	-	-	-	-	-	-	-	-	1	-
HIV1.cut.id_MF373182.1	-	-	-	-	-	-	-	-	-	1	-
HIV1.cut.id_MF373183.1	1818.18	-	-	-	-	-	-	-	-	1	-
HIV1.cut.id_MF373184.1	-	-	-	-	-	-	-	-	-	1	-
HIV1.cut.id_MF373185.1	-	-	-	-	-	-	-	-	-	1	-
HIV1.cut.id_MF373186.1	-	-	-	-	-	-	-	-	-	1	-
HIV1.cut.id_MF373187.1	1280.35	-	-	-	-	-	-	-	-	1	-
HIV1.cut.id_MF373188.1	-	-	-	-	-	-	-	-	-	1	-
HIV1.cut.id_MF373189.1	-	-	-	-	-	-	-	-	-	1	-
HIV1.cut.id_MF373190.1	4918.65	-	-	-	-	-	-	-	-	1	-
HIV1.cut.id_MF373191.1	-	-	-	-	-	-	-	-	-	1	-
HIV1.cut.id_MF373192.1	-	-	-	-	-	-	-	-	-	1	-
HIV1.cut.id_MF373193.1	2717.39	-	-	-	-	-	-	-	-	1	-
HIV1.cut.id_MF373194.1	-	-	-	-	-	-	-	-	-	1	-
HIV1.cut.id_MF373195.1	-	-	-	-	-	-	-	-	-	1	-
HIV1.cut.id_MF373196.1	3398.62	-	-	-	-	-	-	-	-	1	-
HIV1.cut.id_MF373197.1	-	-	-	-	-	-	-	-	-	1	-
HIV1.cut.id_MF373198.1	642.05	-	-	-	-	-	-	-	-	1	-
HIV1.cut.id_MF373199.1	-	-	-	-	-	-	-	-	-	1	-
HIV1.cut.id_MF373200.1	-	-	-	-	-	-	-	-	-	1	-
HIV1.cut.id_MF373201.1	1913.88	2557.54	-	-	-	-	-	-	-	1	-
HIV1.cut.id_MF373202.1	1276.6	-	-	-	-	-	-	-	-	1	-
HIV1.cut.id_MF373203.1	-	-	-	-	-	-	-	-	-	1	-
HIV1.cut.id_MF373204.1	-	-	-	-	-	-	-	-	-	1	-
HIV1.cut.id_MF373205.1	-	-	-	-	-	-	-	-	-	1	-
HIV1.cut.id_MF373206.1	-	-	-	-	-	-	-	-	-	1	-
HIV1.cut.id_MF373389.1	4855.64	-	-	-	-	-	-	-	-	1	-
HIV1.cut.id_MF379808.1	4440.33	-	-	-	-	-	-	-	-	1	-
HIV1.cut.id_U12055.1	2524.67	-	-	-	-	-	-	-	-	1	-
HIV1.cut.id_U21135.1	5308.92	-	-	-	-	-	-	-	-	1	-
HIV1.cut.id_U23487.1	-	-	-	-	-	-	-	-	-	1	-
HIV1.cut.id_U26546.1	-	-	-	-	-	-	-	-	-	1	-
HIV1.cut.id_U26942.1	6447.76	-	-	-	-	-	-	-	-	1	-
HIV1.cut.id_U34603.1	4119.32	-	-	8748.48	-	-	4410.59	-	-	1	-
HIV1.cut.id_U34604.1	4761.9	-	-	7991.48	-	-	-	-	-	1	-
HIV1.cut.id_U37270.1	2780.35	-	-	-	-	-	-	-	-	1	-
HIV1.cut.id_U39362.2	-	-	-	-	-	-	-	-	-	1	-
HIV1.cut.id_U43096.1	-	-	-	-	-	-	-	-	-	1	-
HIV1.cut.id_U43141.1	921.94	-	-	2335.28	-	-	-	-	-	1	-
HIV1.cut.id_U46016.1	-	-	-	-	-	-	-	-	-	1	-
HIV1.cut.id_U51188.1	-	-	-	-	-	-	-	-	-	1	-
HIV1.cut.id_U51189.1	-	3260.87	-	-	-	-	-	-	-	1	-
HIV1.cut.id_U51190.1	3133.16	-	-	-	-	-	-	-	-	1	-
HIV1.cut.id_U52953.1	-	-	-	-	-	-	-	-	-	1	-
HIV1.cut.id_U54771.1	5471.81	4492.75	-	-	-	-	-	-	-	1	-
HIV1.cut.id_U63632.1	-	-	-	-	-	-	-	-	-	1	-
HIV1.cut.id_U69584.1	4388.51	-	-	-	-	-	-	-	-	1	-
HIV1.cut.id_U69585.1	1385.39	-	-	4550.26	-	-	-	-	-	1	-
HIV1.cut.id_U69586.1	3158.81	4643.96	-	1724.14	-	-	-	-	-	1	-
HIV1.cut.id_U69587.1	3865.21	-	-	4583.72	-	-	-	-	-	1	-
HIV1.cut.id_U69588.1	596.42	-	-	-	-	-	-	-	-	1	-
HIV1.cut.id_U69589.1	-	-	-	-	-	-	-	-	-	1	-
HIV1.cut.id_U69590.1	1697.44	-	-	-	-	-	-	-	-	1	-
HIV1.cut.id_U69591.1	-	2691.22	-	-	-	-	-	-	-	1	-
HIV1.cut.id_U69592.1	-	4322.2	-	-	-	-	-	-	-	1	-
HIV1.cut.id_U69593.1	963.49	-	-	-	-	-	-	-	-	1	-
HIV1.cut.id_U71182.1	2998.85	4938.27	-	-	-	-	-	-	-	1	-
HIV1.cut.id_U86780.1	-	-	-	-	-	-	-	-	-	1	-
HIV1.cut.id_U88822.1	3375.2	-	-	-	-	-	-	-	-	1	-
HIV1.cut.id_U88823.1	-	-	-	-	-	-	-	-	-	1	-
HIV1.cut.id_U88824.1	1055.33	-	-	1050.79	1461.04	-	-	-	-	1	-
HIV1.cut.id_U88825.1	-	-	-	-	-	-	-	-	-	1	-
HIV1.cut.id_U88826.1	-	-	-	-	-	-	-	-	-	1	-
HIV1.cut.id_X01762.1	-	-	-	-	-	-	-	-	-	1	-
HIV1.cut.id_X04415.1	-	-	-	-	-	-	-	-	-	1	-
HIV1.cut.id_Z11530.1	-	4301.08	-	-	-	-	-	-	-	1	-
HIV1.cut.id_A04321.1	2285.0	-	-	4408.16	-	-	-	-	-	10	-
HIV1.cut.id_A07108.1	4456.52	2833.33	0.0	1347.15	-	-	-	-	-	10	-
HIV1.cut.id_A07116.1	0.0	1427.66	0.0	4977.47	1080.69	-	-	-	-	10	-
HIV1.cut.id_A07867.1	3439.55	-	-	1365.19	-	-	-	3112.13	-	10	-
HIV1.cut.id_A14116.1	1206.76	-	1346.5	678.54	-	-	-	-	-	10	-
HIV1.cut.id_A34828.1	1273.48	420.84	863.31	4938.27	-	-	-	-	-	10	-
HIV1.cut.id_AB023804.1	1977.79	1980.2	-	4800.0	-	-	-	-	-	10	-
HIV1.cut.id_AB032740.1	3106.31	-	-	0.0	-	-	-	-	-	10	-
HIV1.cut.id_AB032741.1	503.05	-	-	3495.54	4504.5	-	-	-	-	10	-
HIV1.cut.id_AB049811.1	414.81	425.93	-	3770.65	-	-	-	-	-	10	-
HIV1.cut.id_AB052867.1	894.81	3342.3	-	7384.42	0.0	-	-	-	-	10	-
HIV1.cut.id_AB052995.1	2959.41	-	-	4538.69	-	-	-	-	-	10	-
HIV1.cut.id_AB070352.1	1650.11	-	-	-	-	-	-	-	-	10	-
HIV1.cut.id_AB070353.1	702.7	-	-	6079.34	-	-	-	-	-	10	-
HIV1.cut.id_AB078005.1	1438.59	0.0	3883.5	2832.67	0.0	-	-	-	-	10	-
HIV1.cut.id_AB097865.1	2051.28	0.0	-	2403.42	-	-	-	-	-	10	-
HIV1.cut.id_AB097866.1	14.04	797.65	0.0	2900.97	-	-	-	-	-	10	-
HIV1.cut.id_AB097867.1	858.49	2125.6	-	3636.36	-	-	-	-	-	10	-
HIV1.cut.id_AB097868.1	4121.86	2900.76	-	2865.61	-	-	-	-	-	10	-
HIV1.cut.id_AB097869.1	2092.86	-	-	3639.34	173.31	-	-	-	-	10	-
HIV1.cut.id_AB097870.1	1950.4	189.84	-	4904.57	0.0	-	-	-	-	10	-
HIV1.cut.id_AB097871.1	995.9	-	-	2247.78	-	-	-	-	-	10	-
HIV1.cut.id_AB097872.1	1946.58	-	4395.6	2418.33	-	-	-	-	-	10	-
HIV1.cut.id_AB097873.1	342.42	3879.85	-	2354.57	-	-	-	-	-	10	-
HIV1.cut.id_AB098330.1	1439.23	438.38	1089.32	1689.88	51.48	-	-	-	-	10	-
HIV1.cut.id_AB098331.1	893.15	-	-	835.07	-	-	-	-	-	10	-
HIV1.cut.id_AB098332.1	2807.75	934.39	-	3290.29	296.08	-	-	-	-	10	-
HIV1.cut.id_AB098333.1	-	2604.17	-	1947.58	50.28	-	-	-	-	10	-
HIV1.cut.id_AB220944.1	5213.51	4607.51	-	3963.82	-	-	-	-	-	10	-
HIV1.cut.id_AB220945.1	2973.8	-	-	4663.96	-	-	-	-	-	10	-
HIV1.cut.id_AB220946.1	9581.04	-	-	14055.36	-	-	-	-	-	10	-
HIV1.cut.id_AB220947.1	2611.31	-	-	4144.53	-	-	-	-	-	10	-
HIV1.cut.id_AB220948.1	2999.87	-	-	3954.6	-	-	-	-	-	10	-
HIV1.cut.id_AB221005.1	447.15	-	-	-	-	-	-	-	-	10	-
HIV1.cut.id_AB221125.1	1174.53	-	1424.92	4549.43	28.56	-	-	-	-	10	-
HIV1.cut.id_AB221126.1	1967.13	23.01	-	2120.68	-	-	-	-	-	10	-
HIV1.cut.id_AB231893.1	-	-	1143.58	-	-	-	-	-	-	10	-
HIV1.cut.id_AB231894.1	2148.11	110.13	-	1580.67	0.0	-	-	-	-	10	-
HIV1.cut.id_AB231895.1	42.7	1302.51	802.14	1187.03	295.28	-	-	-	-	10	-
HIV1.cut.id_AB231896.1	5375.41	0.0	222.12	4235.46	0.0	-	-	-	-	10	-
HIV1.cut.id_AB231897.1	3965.48	1697.07	0.0	3908.36	0.0	-	-	-	-	10	-
HIV1.cut.id_AB231898.1	0.0	802.06	-	1482.38	0.0	-	-	-	-	10	-
HIV1.cut.id_AB253421.1	0.0	-	-	2202.64	-	-	-	-	-	10	-
HIV1.cut.id_AB253422.1	525.82	2384.01	88.18	3331.17	592.13	-	-	-	-	10	-
HIV1.cut.id_AB253423.1	1357.08	-	-	3615.48	-	-	-	-	-	10	-
HIV1.cut.id_AB253424.1	1507.54	-	-	6198.24	-	-	-	-	-	10	-
HIV1.cut.id_AB253425.1	409.84	-	-	2809.12	-	-	-	-	-	10	-
HIV1.cut.id_AB253426.1	180.58	-	-	112.8	-	-	-	-	-	10	-
HIV1.cut.id_AB253427.1	1297.98	1173.47	-	1348.92	-	-	-	-	-	10	-
HIV1.cut.id_AB253428.1	-	-	-	2335.33	-	-	-	-	-	10	-
HIV1.cut.id_AB253429.1	3642.13	3567.61	1178.6	8976.9	0.0	-	-	82.44	-	10	-
HIV1.cut.id_AB253430.1	3577.2	1733.58	-	2388.06	-	-	-	-	-	10	-
HIV1.cut.id_AB253431.1	1167.43	-	-	1291.51	-	-	-	-	-	10	-
HIV1.cut.id_AB253432.1	-	-	-	1918.74	-	-	-	-	-	10	-
HIV1.cut.id_AB253635.1	1061.43	-	-	2605.86	-	-	-	-	-	10	-
HIV1.cut.id_AB253636.1	390.32	-	-	-	-	-	-	-	-	10	-
HIV1.cut.id_AB253637.1	2664.2	-	-	1932.37	-	-	-	-	-	10	-
HIV1.cut.id_AB253638.1	-	4666.67	-	-	-	-	-	-	-	10	-
HIV1.cut.id_AB253639.1	2060.46	-	-	2153.11	-	-	-	-	-	10	-
HIV1.cut.id_AB253640.1	1314.76	-	-	1392.57	-	-	-	-	-	10	-
HIV1.cut.id_AB253641.1	-	-	-	-	-	-	-	-	-	10	-
HIV1.cut.id_AB253642.1	213.68	-	-	-	-	-	-	-	-	10	-
HIV1.cut.id_AB253643.1	537.63	-	-	-	-	-	-	-	-	10	-
HIV1.cut.id_AB253644.1	281.43	-	-	1279.32	-	-	-	-	-	10	-
HIV1.cut.id_AB253645.1	1224.98	-	-	1173.33	-	-	-	-	-	10	-
HIV1.cut.id_AB253646.1	2236.42	-	-	1193.63	-	-	-	-	-	10	-
HIV1.cut.id_AB253647.1	-	-	-	511.95	-	-	-	-	-	10	-
HIV1.cut.id_AB253648.1	-	-	-	-	-	-	-	-	-	10	-
HIV1.cut.id_AB253649.1	1486.46	-	-	1377.63	-	-	2694.4	-	-	10	-
HIV1.cut.id_AB253650.1	806.45	-	-	1903.97	-	-	-	-	-	10	-
HIV1.cut.id_AB253651.1	-	-	558.38	281.16	-	-	-	-	-	10	-
HIV1.cut.id_AB253652.1	-	-	-	4814.81	-	-	-	-	-	10	-
HIV1.cut.id_AB253653.1	804.22	-	-	-	-	-	-	-	-	10	-
HIV1.cut.id_AB253654.1	0.0	-	-	-	-	-	-	-	-	10	-
HIV1.cut.id_AB253655.1	-	-	-	2188.01	-	-	-	-	-	10	-
HIV1.cut.id_AB253656.1	-	-	-	-	-	-	-	-	-	10	-
HIV1.cut.id_AB253657.1	561.8	-	-	597.27	-	-	-	-	-	10	-
HIV1.cut.id_AB253658.1	-	-	-	1480.17	-	-	-	-	-	10	-
HIV1.cut.id_AB253659.1	-	-	-	-	-	-	-	-	-	10	-
HIV1.cut.id_AB253660.1	912.38	-	-	1457.27	-	-	-	-	-	10	-
HIV1.cut.id_AB253661.1	2192.98	-	-	-	-	-	-	-	-	10	-
HIV1.cut.id_AB253662.1	-	-	-	-	-	-	-	-	-	10	-
HIV1.cut.id_AB253663.1	475.54	-	-	-	-	-	-	-	-	10	-
HIV1.cut.id_AB253664.1	1312.09	-	-	677.39	-	-	-	-	-	10	-
HIV1.cut.id_AB253665.1	-	4883.23	-	3144.14	-	-	-	-	-	10	-
HIV1.cut.id_AB253666.1	-	-	-	-	-	-	-	-	-	10	-
HIV1.cut.id_AB253667.1	901.41	-	-	-	-	-	-	-	-	10	-
HIV1.cut.id_AB253668.1	1081.26	-	-	-	-	-	-	-	-	10	-
HIV1.cut.id_AB253669.1	-	-	-	-	-	-	-	-	-	10	-
HIV1.cut.id_AB253670.1	381.32	-	-	-	-	-	-	-	-	10	-
HIV1.cut.id_AB253671.1	445.1	-	-	-	-	-	-	-	-	10	-
HIV1.cut.id_AB253672.1	700.24	-	-	-	-	-	-	-	-	10	-
HIV1.cut.id_AB253673.1	3243.43	-	-	-	-	-	-	-	-	10	-
HIV1.cut.id_AB253674.1	-	-	-	-	-	-	-	3770.2	-	10	-
HIV1.cut.id_AB253675.1	0.0	-	-	-	-	-	-	-	-	10	-
HIV1.cut.id_AB253676.1	1197.6	-	-	-	-	-	-	-	-	10	-
HIV1.cut.id_AB253677.1	-	-	-	2222.22	-	-	-	-	-	10	-
HIV1.cut.id_AB253678.1	514.5	-	-	-	-	-	-	-	-	10	-
HIV1.cut.id_AB253679.1	3601.23	-	-	-	-	-	-	-	-	10	-
HIV1.cut.id_AB253680.1	-	-	-	-	-	-	-	-	-	10	-
HIV1.cut.id_AB253681.1	3578.1	-	-	1840.49	-	-	-	-	-	10	-
HIV1.cut.id_AB253682.1	2549.58	1988.64	-	4355.25	-	-	-	-	-	10	-
HIV1.cut.id_AB253683.1	-	-	-	406.3	-	-	-	-	-	10	-
HIV1.cut.id_AB253684.1	-	-	-	6949.81	-	-	-	-	-	10	-
HIV1.cut.id_AB253685.1	1350.14	-	-	2469.14	-	-	-	-	-	10	-
HIV1.cut.id_AB253686.1	-	-	-	2403.85	-	-	-	-	-	10	-
HIV1.cut.id_AB253687.1	1676.12	-	-	1621.4	-	-	-	-	-	10	-
HIV1.cut.id_AB253688.1	137.68	-	-	-	-	-	-	-	-	10	-
HIV1.cut.id_AB253689.1	2420.57	-	-	-	-	-	-	-	-	10	-
HIV1.cut.id_AB253690.1	1371.04	-	-	-	-	-	-	-	-	10	-
HIV1.cut.id_AB253691.1	-	-	-	-	-	-	-	-	-	10	-
HIV1.cut.id_AB253692.1	4823.3	-	-	3847.82	-	-	-	-	-	10	-
HIV1.cut.id_AB253693.1	1627.45	-	-	-	-	-	-	-	-	10	-
HIV1.cut.id_AB253694.1	-	-	-	373.83	-	-	-	-	-	10	-
HIV1.cut.id_AB253695.1	229.53	-	-	-	-	-	-	-	-	10	-
HIV1.cut.id_AB253696.1	1142.07	-	-	-	-	-	-	-	-	10	-
HIV1.cut.id_AB253697.1	-	-	-	1883.41	-	-	-	-	-	10	-
HIV1.cut.id_AB253698.1	-	-	-	-	-	-	-	-	-	10	-
HIV1.cut.id_AB253699.1	-	-	-	2056.33	-	-	-	-	-	10	-
HIV1.cut.id_AB253700.1	2532.49	-	-	1549.24	-	-	-	-	-	10	-
HIV1.cut.id_AB253701.1	1638.77	-	-	-	-	-	-	-	-	10	-
HIV1.cut.id_AB253702.1	2303.65	-	-	3677.13	-	-	-	-	-	10	-
HIV1.cut.id_AB253703.1	-	3904.56	-	-	-	-	-	-	-	10	-
HIV1.cut.id_AB253704.1	2169.39	-	-	-	-	-	-	-	-	10	-
HIV1.cut.id_AB253705.1	983.44	-	-	-	-	-	-	-	-	10	-
HIV1.cut.id_AB253706.1	-	-	-	-	-	-	-	-	-	10	-
HIV1.cut.id_AB253707.1	608.93	-	-	-	-	-	-	-	-	10	-
HIV1.cut.id_AB253708.1	-	-	-	-	-	-	-	-	-	10	-
HIV1.cut.id_AB253709.1	-	-	-	-	-	-	-	-	-	10	-
HIV1.cut.id_AB253710.1	-	-	-	-	-	-	-	-	-	10	-
HIV1.cut.id_AB253711.1	1020.68	-	-	-	-	-	-	-	-	10	-
HIV1.cut.id_AB253712.1	3736.11	-	-	-	-	-	2325.58	-	-	10	-
HIV1.cut.id_AB253713.1	1426.68	-	-	-	-	-	-	-	-	10	-
HIV1.cut.id_AB253714.1	-	-	-	-	-	-	-	-	-	10	-
HIV1.cut.id_AB253715.1	1026.69	-	-	-	-	-	-	-	-	10	-
HIV1.cut.id_AB253716.1	748.36	-	-	-	-	-	-	-	-	10	-
HIV1.cut.id_AB253717.1	431.34	-	-	-	-	-	-	-	-	10	-
HIV1.cut.id_AB253718.1	289.18	-	-	1538.46	-	-	-	-	-	10	-
HIV1.cut.id_AB253719.1	-	-	-	-	-	-	-	-	-	10	-
HIV1.cut.id_AB253720.1	-	-	-	-	-	-	-	-	-	10	-
HIV1.cut.id_AB253721.1	-	-	-	-	-	-	-	-	-	10	-
HIV1.cut.id_AB253722.1	2711.6	-	-	-	-	-	-	-	-	10	-
HIV1.cut.id_AB253723.1	-	-	-	-	-	-	-	3937.82	-	10	-
HIV1.cut.id_AB253724.1	1286.65	-	-	1604.28	-	-	-	-	-	10	-
HIV1.cut.id_AB253725.1	339.94	-	-	-	-	-	-	-	-	10	-
HIV1.cut.id_AB254141.1	2098.59	-	-	3580.32	-	-	-	-	-	10	-
HIV1.cut.id_AB254142.1	650.62	670.14	-	2327.73	47.94	-	-	-	-	10	-
HIV1.cut.id_AB254143.1	-	0.0	0.0	4405.29	677.97	-	-	-	-	10	-
HIV1.cut.id_AB254144.1	-	-	-	-	-	-	-	-	-	10	-
HIV1.cut.id_AB254145.1	2237.19	-	-	-	-	-	-	-	-	10	-
HIV1.cut.id_AB254146.1	3014.68	4368.93	-	1922.4	-	-	-	-	-	10	-
HIV1.cut.id_AB254147.1	3415.24	320.72	-	-	-	-	-	-	-	10	-
HIV1.cut.id_AB254148.1	0.0	77.7	1598.4	3238.47	712.83	-	-	-	-	10	-
HIV1.cut.id_AB254149.1	251.73	506.33	-	2157.6	0.0	-	-	-	-	10	-
HIV1.cut.id_AB254150.1	187.02	-	-	2261.85	-	-	-	-	-	10	-
HIV1.cut.id_AB254151.1	-	-	-	2082.6	-	-	-	-	-	10	-
HIV1.cut.id_AB254152.1	-	-	-	-	-	-	-	-	-	10	-
HIV1.cut.id_AB254153.2	1895.31	-	-	-	540.33	-	-	-	-	10	-
HIV1.cut.id_AB254154.1	867.61	300.75	-	256.61	540.78	-	-	-	-	10	-
HIV1.cut.id_AB254155.1	1638.0	318.58	-	-	-	-	-	-	-	10	-
HIV1.cut.id_AB254156.1	176.8	635.42	-	2446.08	142.79	-	-	-	-	10	-
HIV1.cut.id_AB286849.1	0.0	-	2401.37	997.56	210.23	-	-	-	-	10	-
HIV1.cut.id_AB286850.1	317.67	1430.4	-	1149.43	264.08	-	-	-	-	10	-
HIV1.cut.id_AB286851.1	584.99	3014.18	1103.9	87.49	84.28	-	-	-	-	10	-
HIV1.cut.id_AB286852.1	256.85	1343.37	808.49	2609.33	862.9	-	-	-	-	10	-
HIV1.cut.id_AB286853.1	620.84	0.0	-	2000.0	0.0	-	-	-	-	10	-
HIV1.cut.id_AB286854.1	921.56	1061.38	1407.59	2854.05	0.0	-	-	-	-	10	-
HIV1.cut.id_AB286855.1	-	105.26	-	472.71	-	-	-	-	-	10	-
HIV1.cut.id_AB286856.1	1780.84	464.64	1128.47	2327.25	102.46	-	-	-	-	10	-
HIV1.cut.id_AB286857.1	159.98	1984.47	-	1652.89	858.78	-	-	-	-	10	-
HIV1.cut.id_AB286858.1	586.47	919.91	-	6223.23	501.14	-	-	-	-	10	-
HIV1.cut.id_AB286859.1	43.01	4042.93	-	4199.68	-	-	-	-	-	10	-
HIV1.cut.id_AB286860.1	62.55	113.06	705.72	2262.24	226.07	-	-	-	-	10	-
HIV1.cut.id_AB286861.1	300.84	4807.69	709.72	1297.45	-	-	-	-	-	10	-
HIV1.cut.id_AB286862.1	1860.84	814.37	-	184.79	40.87	-	-	-	-	10	-
HIV1.cut.id_AB286863.1	2920.12	174.06	-	3033.66	0.0	-	-	-	-	10	-
HIV1.cut.id_AB286864.1	2632.38	68.07	-	3655.05	1523.23	-	-	-	-	10	-
HIV1.cut.id_AB286955.1	1176.32	63.01	-	965.52	-	-	-	-	-	10	-
HIV1.cut.id_AB286956.1	758.96	655.5	-	3366.7	-	-	-	-	-	10	-
HIV1.cut.id_AB287003.1	1379.55	37.82	1075.27	2206.27	44.39	-	-	-	-	10	-
HIV1.cut.id_AB287004.1	1890.03	174.58	-	1054.17	-	-	-	-	-	10	-
HIV1.cut.id_AB287363.1	6326.06	2712.1	-	4038.97	0.0	-	-	-	-	10	-
HIV1.cut.id_AB287364.1	0.0	0.0	-	2991.22	0.0	-	-	-	-	10	-
HIV1.cut.id_AB287365.1	1139.93	0.0	-	3597.29	95.6	-	-	-	-	10	-
HIV1.cut.id_AB287366.1	437.34	677.97	-	1317.52	-	-	-	-	-	10	-
HIV1.cut.id_AB287367.1	375.76	1769.91	-	1918.47	0.0	-	-	-	-	10	-
HIV1.cut.id_AB287368.1	1453.13	1376.29	-	2448.32	1516.43	-	-	-	-	10	-
HIV1.cut.id_AB287369.1	913.4	2318.84	-	4601.99	-	-	-	-	-	10	-
HIV1.cut.id_AB287370.1	2514.12	518.13	-	2847.32	-	-	-	-	-	10	-
HIV1.cut.id_AB287371.1	2758.7	3481.01	-	1228.95	-	-	-	-	-	10	-
HIV1.cut.id_AB287372.1	331.75	-	-	2959.0	-	-	-	-	-	10	-
HIV1.cut.id_AB287376.1	-	-	-	1958.16	0.0	-	-	-	-	10	-
HIV1.cut.id_AB287377.1	198.0	0.0	979.11	4174.23	-	-	-	-	-	10	-
HIV1.cut.id_AB287378.1	237.56	1029.68	-	3116.29	99.11	-	-	-	-	10	-
HIV1.cut.id_AB287379.1	59.81	2094.97	959.62	4567.47	135.87	-	-	-	-	10	-
HIV1.cut.id_AB289587.1	2506.6	462.96	-	4044.75	155.64	-	-	-	-	10	-
HIV1.cut.id_AB289588.1	3352.02	97.47	978.47	2202.47	277.91	-	-	-	-	10	-
HIV1.cut.id_AB289589.1	1561.29	0.0	1158.65	2765.55	-	-	-	-	-	10	-
HIV1.cut.id_AB289590.1	-	626.81	-	3239.93	-	-	-	-	-	10	-
HIV1.cut.id_AB428551.1	1286.47	2142.86	-	3841.61	-	-	-	-	-	10	-
HIV1.cut.id_AB428552.1	4898.34	-	-	-	-	-	-	-	-	10	-
HIV1.cut.id_AB428553.1	1328.68	-	2081.49	3300.46	-	-	-	-	-	10	-
HIV1.cut.id_AB428554.1	2557.82	1185.77	-	8401.98	-	-	-	-	-	10	-
HIV1.cut.id_AB428555.1	1575.93	-	-	-	-	-	-	-	-	10	-
HIV1.cut.id_AB428556.1	1748.93	-	-	3930.13	-	-	-	-	-	10	-
HIV1.cut.id_AB428557.1	-	-	-	-	-	-	-	-	-	10	-
HIV1.cut.id_AB428558.1	3998.45	1220.41	-	2520.39	252.65	-	-	-	-	10	-
HIV1.cut.id_AB428559.1	1961.06	3969.02	-	2388.16	-	-	-	-	-	10	-
HIV1.cut.id_AB428560.1	672.34	-	-	3365.38	-	-	-	-	-	10	-
HIV1.cut.id_AB428561.1	1532.36	-	-	-	-	-	-	-	-	10	-
HIV1.cut.id_AB428562.1	3897.45	-	-	-	-	-	-	-	-	10	-
HIV1.cut.id_AB480044.1	1105.15	1518.39	1236.6	1338.18	0.0	-	-	-	-	10	-
HIV1.cut.id_AB480045.1	2724.64	1207.59	2772.64	3703.7	-	-	-	-	-	10	-
HIV1.cut.id_AB480046.1	2252.8	-	0.0	597.78	-	-	-	-	-	10	-
HIV1.cut.id_AB480047.1	-	128.25	1724.14	8782.48	1107.1	-	-	-	-	10	-
HIV1.cut.id_AB480048.1	15.68	-	1716.11	5324.32	-	-	-	-	-	10	-
HIV1.cut.id_AB480298.1	1199.52	604.23	-	3155.91	268.67	-	-	-	-	10	-
HIV1.cut.id_AB480299.1	-	-	-	2306.43	885.83	-	-	-	-	10	-
HIV1.cut.id_AB480300.1	242.58	361.96	-	2618.66	154.66	-	-	-	-	10	-
HIV1.cut.id_AB480301.1	-	562.59	-	212.31	237.25	-	-	-	-	10	-
HIV1.cut.id_AB480692.1	1198.2	3065.64	-	6002.89	0.0	-	-	-	-	10	-
HIV1.cut.id_AB480693.1	529.1	1973.68	-	963.6	-	-	-	-	-	10	-
HIV1.cut.id_AB480694.1	1431.41	432.1	-	3019.6	-	-	-	-	-	10	-
HIV1.cut.id_AB480695.1	1122.73	0.0	-	3781.68	-	-	-	-	-	10	-
HIV1.cut.id_AB480696.1	742.73	1398.94	-	1889.38	-	-	-	-	-	10	-
HIV1.cut.id_AB480697.1	437.7	830.48	-	0.0	-	-	-	-	-	10	-
HIV1.cut.id_AB480698.1	928.49	1784.2	-	1601.38	0.0	-	-	-	-	10	-
HIV1.cut.id_AB485632.1	1295.84	2801.12	4878.05	3669.25	0.0	-	-	-	-	10	-
HIV1.cut.id_AB485633.1	2214.02	294.99	-	2946.84	32.08	-	-	-	-	10	-
HIV1.cut.id_AB485634.1	-	-	-	17282.76	99.8	-	-	-	-	10	-
HIV1.cut.id_AB485635.1	0.0	0.0	228.14	4072.02	-	-	-	-	-	10	-
HIV1.cut.id_AB485636.1	891.48	-	-	297.62	807.54	-	-	-	-	10	-
HIV1.cut.id_AB485637.1	3151.62	1724.91	2696.08	2837.78	-	-	-	-	-	10	-
HIV1.cut.id_AB485638.1	201.45	81.37	-	656.93	-	-	-	-	-	10	-
HIV1.cut.id_AB485639.1	-	-	-	-	-	-	-	-	-	10	-
HIV1.cut.id_AB485640.1	59.63	-	-	2246.26	-	-	-	-	-	10	-
HIV1.cut.id_AB485641.1	2836.63	-	-	-	-	-	-	-	-	10	-
HIV1.cut.id_AB485642.1	625.7	-	-	-	-	-	-	-	-	10	-
HIV1.cut.id_AB485643.1	438.6	732.81	-	2205.32	1373.53	-	-	-	-	10	-
HIV1.cut.id_AB485644.1	5091.19	-	-	3905.41	-	-	-	-	-	10	-
HIV1.cut.id_AB485645.1	2428.57	2980.13	-	2671.85	-	-	5712.53	-	-	10	-
HIV1.cut.id_AB485646.1	60.94	751.88	-	4326.92	3545.05	-	-	4157.78	-	10	-
HIV1.cut.id_AB485647.1	-	-	-	4757.19	-	-	-	-	-	10	-
HIV1.cut.id_AB485648.1	209.11	1241.69	-	1799.14	666.43	-	-	-	-	10	-
HIV1.cut.id_AB485649.1	1926.98	830.42	2135.11	2513.54	-	-	-	-	-	10	-
HIV1.cut.id_AB485650.1	0.0	1426.43	181.71	3098.77	0.0	-	-	-	-	10	-
HIV1.cut.id_AB485651.1	57.74	1214.72	750.19	2742.86	-	-	-	-	-	10	-
HIV1.cut.id_AB485652.1	2251.75	-	-	5756.3	-	-	-	-	-	10	-
HIV1.cut.id_AB485653.1	2649.67	-	-	-	-	-	-	-	-	10	-
HIV1.cut.id_AB485654.1	1928.99	4299.07	-	3073.19	-	-	-	-	-	10	-
HIV1.cut.id_AB485655.1	1475.46	2640.26	-	6596.31	-	-	-	-	-	10	-
HIV1.cut.id_AB485656.1	2752.74	-	-	2193.46	364.96	-	-	-	-	10	-
HIV1.cut.id_AB485657.1	1789.86	2143.45	588.24	-	-	-	-	3534.3	-	10	-
HIV1.cut.id_AB485658.1	273.02	1180.44	454.55	1114.02	0.0	-	-	-	-	10	-
HIV1.cut.id_AB485659.1	1071.9	1582.14	-	2984.17	-	-	-	-	-	10	-
HIV1.cut.id_AB485660.1	0.0	1965.6	-	643.35	-	-	-	-	-	10	-
HIV1.cut.id_AB485661.1	2189.78	3658.95	1022.43	3743.94	39.19	-	-	-	-	10	-
HIV1.cut.id_AB485662.1	2249.08	1140.46	-	3296.97	321.25	-	-	-	-	10	-
HIV1.cut.id_AB485663.1	1658.25	-	-	2704.26	-	-	-	-	-	10	-
HIV1.cut.id_AB485664.1	3347.89	0.0	1033.59	2277.33	77.76	-	-	-	-	10	-
HIV1.cut.id_AB485665.1	21.9	-	403.63	598.42	0.0	-	-	-	-	10	-
HIV1.cut.id_AB485666.1	3151.74	465.53	1407.64	1678.76	498.93	-	-	-	-	10	-
HIV1.cut.id_AB485667.1	2165.44	-	836.36	617.6	293.83	-	-	-	-	10	-
HIV1.cut.id_AB485668.1	10140.88	160.51	-	2073.31	-	-	-	-	-	10	-
HIV1.cut.id_AB485669.1	13431.55	467.45	-	985.03	-	-	-	3703.7	-	10	-
HIV1.cut.id_AB547463.1	157.92	4642.17	-	5511.81	-	-	-	-	-	10	-
HIV1.cut.id_AB547464.1	1316.32	6565.66	-	2281.75	-	-	-	-	-	10	-
HIV1.cut.id_AB564744.1	1045.57	-	-	1889.34	-	-	-	-	-	10	-
HIV1.cut.id_AB564745.1	2932.21	3859.96	-	3541.27	-	-	-	-	-	10	-
HIV1.cut.id_AB564746.1	3096.13	2405.18	-	4689.0	-	-	-	-	-	10	-
HIV1.cut.id_AB565478.1	622.92	-	-	3065.83	-	-	-	-	-	10	-
HIV1.cut.id_AB565479.1	2227.33	0.0	-	1779.13	-	-	-	-	-	10	-
HIV1.cut.id_AB565495.1	5171.65	-	1498.13	3136.5	0.0	-	-	-	-	10	-
HIV1.cut.id_AB565496.1	-	114.71	2672.81	-	-	-	-	-	-	10	-
HIV1.cut.id_AB565497.1	0.0	0.0	-	1790.76	-	-	-	-	-	10	-
HIV1.cut.id_AB565498.1	421.55	105.1	80.0	2147.51	-	-	-	-	-	10	-
HIV1.cut.id_AB565499.1	1932.53	-	-	1155.33	-	-	-	2577.32	-	10	-
HIV1.cut.id_AB565500.1	16.05	972.22	-	308.36	58.34	-	-	-	-	10	-
HIV1.cut.id_AB565501.1	-	-	-	1828.27	0.0	-	-	-	-	10	-
HIV1.cut.id_AB565502.1	1014.22	0.0	1044.78	0.0	0.0	-	-	0.0	-	10	-
HIV1.cut.id_AB565503.1	1707.06	1946.82	-	1689.71	-	-	-	-	-	10	-
HIV1.cut.id_AB565504.1	2128.33	-	-	3610.38	-	-	-	-	-	10	-
HIV1.cut.id_AB604946.1	-	248.14	-	1665.77	-	-	-	-	-	10	-
HIV1.cut.id_AB604947.1	735.13	2588.76	-	1438.85	279.33	-	-	-	-	10	-
HIV1.cut.id_AB604948.1	284.05	4237.29	-	579.43	-	-	-	-	-	10	-
HIV1.cut.id_AB604949.1	1772.92	-	-	-	-	-	-	-	-	10	-
HIV1.cut.id_AB604950.1	905.91	-	-	2051.67	-	-	-	-	-	10	-
HIV1.cut.id_AB604951.1	2741.96	725.32	-	919.54	-	-	-	-	-	10	-
HIV1.cut.id_AB641836.2	-	0.0	0.0	1568.43	69.09	-	-	-	-	10	-
HIV1.cut.id_AB641837.2	380.95	3909.21	0.0	3599.85	0.0	-	-	-	-	10	-
HIV1.cut.id_AB646289.1	0.0	190.93	-	7289.86	127.19	-	-	-	-	10	-
HIV1.cut.id_AB646691.1	1734.17	592.07	-	-	0.0	-	-	-	-	10	-
HIV1.cut.id_AB731663.1	98.55	1051.12	-	-	80.52	-	-	-	-	10	-
HIV1.cut.id_AB731664.1	-	1976.41	699.84	3478.79	0.0	-	-	-	-	10	-
HIV1.cut.id_AB731665.1	1220.44	-	290.42	3459.88	-	-	-	-	-	10	-
HIV1.cut.id_AB731666.1	2232.59	5244.12	-	3429.92	-	-	-	-	-	10	-
HIV1.cut.id_AB731667.1	213.05	225.99	-	1781.56	2000.0	-	-	-	-	10	-
HIV1.cut.id_AB731668.1	878.06	949.91	-	509.8	0.0	-	-	-	-	10	-
HIV1.cut.id_AB731669.1	409.09	673.4	-	2505.61	-	-	-	-	-	10	-
HIV1.cut.id_AB731670.1	1386.01	0.0	-	2528.36	829.61	-	-	-	-	10	-
HIV1.cut.id_AB746342.2	1083.66	-	3092.78	-	-	-	-	-	-	10	-
HIV1.cut.id_AB746343.2	2963.85	-	-	4169.94	94.79	-	-	-	-	10	-
HIV1.cut.id_AB746344.2	775.88	-	-	-	-	-	-	-	-	10	-
HIV1.cut.id_AB746345.2	1079.73	-	2803.74	-	-	-	-	-	-	10	-
HIV1.cut.id_AB845344.1	595.24	4854.37	-	4447.63	-	-	-	-	-	10	-
HIV1.cut.id_AB845345.1	588.52	4216.87	-	1648.35	-	-	-	-	-	10	-
HIV1.cut.id_AB845346.1	-	-	-	3279.72	-	-	-	-	-	10	-
HIV1.cut.id_AB845347.1	1703.37	-	-	-	-	-	-	-	-	10	-
HIV1.cut.id_AB845348.1	1522.11	-	-	1633.61	0.0	-	-	-	-	10	-
HIV1.cut.id_AB845349.1	54.67	2105.26	-	632.69	-	-	-	-	-	10	-
HIV1.cut.id_AB859012.1	1248.23	1869.16	-	2953.59	-	-	-	-	-	10	-
HIV1.cut.id_AF003887.1	886.88	278.68	-	4180.06	-	-	-	-	-	10	-
HIV1.cut.id_AF003888.1	1334.77	3214.29	-	-	-	-	-	-	-	10	-
HIV1.cut.id_AF004394.1	1020.02	3421.05	3636.36	5474.86	-	-	-	-	-	10	-
HIV1.cut.id_AF004885.1	764.7	3166.72	-	2703.3	0.0	-	-	-	-	10	-
HIV1.cut.id_AF005494.1	22.3	1853.57	-	3509.69	-	-	-	-	-	10	-
HIV1.cut.id_AF005495.1	263.19	1685.89	-	3123.88	-	-	-	-	-	10	-
HIV1.cut.id_AF005496.1	0.0	1375.79	2723.4	3166.39	588.58	-	-	-	-	10	-
HIV1.cut.id_AF033819.3	2269.94	-	-	-	-	-	-	-	-	10	-
HIV1.cut.id_AF042100.1	1024.03	3728.81	-	11250.75	-	-	4471.28	-	-	10	-
HIV1.cut.id_AF042101.1	3378.79	-	-	3980.45	-	-	-	-	-	10	-
HIV1.cut.id_AF042102.1	46.84	160.19	-	4903.42	-	-	-	-	-	10	-
HIV1.cut.id_AF042103.1	250.66	959.69	-	124.53	0.0	-	-	-	-	10	-
HIV1.cut.id_AF042104.1	45.87	1515.96	-	11989.52	0.0	-	-	-	-	10	-
HIV1.cut.id_AF042105.1	1326.57	1299.91	-	3162.72	1388.89	-	-	-	-	10	-
HIV1.cut.id_AF042106.1	2355.11	896.86	-	5105.55	-	-	-	-	-	10	-
HIV1.cut.id_AF049337.1	2298.34	743.57	0.0	2096.57	390.5	-	-	-	-	10	-
HIV1.cut.id_AF049494.1	390.33	-	-	-	-	-	-	-	-	10	-
HIV1.cut.id_AF049495.1	988.84	363.9	-	4151.62	153.37	-	-	-	-	10	-
HIV1.cut.id_AF061640.1	596.82	1688.18	-	-	-	-	-	-	-	10	-
HIV1.cut.id_AF061641.1	2421.69	557.62	4608.29	3951.19	-	-	-	-	-	10	-
HIV1.cut.id_AF061642.1	870.62	1956.95	1536.89	2696.99	0.0	-	-	-	-	10	-
HIV1.cut.id_AF063223.1	2068.57	-	-	1881.47	-	-	-	-	-	10	-
HIV1.cut.id_AF063224.1	510.83	4046.56	-	2338.04	-	-	-	-	-	10	-
HIV1.cut.id_AF064699.1	1856.24	502.01	-	2837.14	1655.63	-	-	-	-	10	-
HIV1.cut.id_AF067154.1	2829.93	4661.65	-	3716.08	-	-	-	-	-	10	-
HIV1.cut.id_AF067155.1	1055.28	4485.98	-	92.25	-	-	-	-	-	10	-
HIV1.cut.id_AF067156.1	321.54	1366.98	4918.03	3816.79	-	-	-	-	-	10	-
HIV1.cut.id_AF067157.1	1010.44	1216.55	3548.39	5804.2	-	-	-	-	-	10	-
HIV1.cut.id_AF067158.1	2272.11	-	-	4166.67	-	-	-	-	-	10	-
HIV1.cut.id_AF067159.1	2112.31	-	4069.77	3517.4	-	-	3516.3	-	-	10	-
HIV1.cut.id_AF069140.1	457.41	1380.18	-	4545.45	-	-	-	-	-	10	-
HIV1.cut.id_AF069671.1	575.16	935.34	-	3288.8	1816.24	-	-	-	-	10	-
HIV1.cut.id_AF070521.1	0.0	-	-	-	-	-	-	-	-	10	-
HIV1.cut.id_AF075701.1	2353.87	1419.24	-	3151.86	0.0	-	-	-	-	10	-
HIV1.cut.id_AF075702.1	113.06	1572.11	-	2824.53	0.0	-	-	-	-	10	-
HIV1.cut.id_AF075703.1	0.0	1214.8	-	3692.31	0.0	-	-	-	-	10	-
HIV1.cut.id_AF075719.1	2650.6	-	-	1825.73	-	-	-	-	-	10	-
HIV1.cut.id_AF076474.1	1142.35	1317.01	274.47	2819.52	24.98	-	-	-	-	10	-
HIV1.cut.id_AF076475.1	0.0	616.23	2120.64	2368.8	0.0	-	-	-	-	10	-
HIV1.cut.id_AF076998.1	0.0	0.0	62.19	4067.12	0.0	-	-	-	-	10	-
HIV1.cut.id_AF077336.1	0.0	4056.6	-	7801.42	-	-	-	-	-	10	-
HIV1.cut.id_AF082394.1	458.51	1208.76	-	1727.95	440.81	-	-	-	-	10	-
HIV1.cut.id_AF082395.1	1072.39	524.59	0.0	1407.8	1995.31	-	-	-	-	10	-
HIV1.cut.id_AF084936.1	553.73	1142.86	-	4972.59	309.6	-	-	-	-	10	-
HIV1.cut.id_AF086817.1	0.0	3292.57	-	2074.3	0.0	-	-	-	-	10	-
HIV1.cut.id_AF107770.1	881.29	4072.4	-	3702.13	-	-	-	-	-	10	-
HIV1.cut.id_AF107771.1	6255.55	1287.24	4980.84	2495.91	603.05	-	-	-	-	10	-
HIV1.cut.id_AF110959.1	355.63	-	-	2032.52	-	-	-	-	-	10	-
HIV1.cut.id_AF110960.1	794.28	384.37	-	3615.38	-	-	-	-	-	10	-
HIV1.cut.id_AF110961.1	311.11	-	-	4893.57	156.62	-	-	-	-	10	-
HIV1.cut.id_AF110962.1	2162.6	1923.08	-	4580.15	-	-	-	-	-	10	-
HIV1.cut.id_AF110963.1	1343.55	1855.67	-	3362.45	-	-	-	-	-	10	-
HIV1.cut.id_AF110964.1	1658.87	4419.89	-	1671.06	-	-	-	-	-	10	-
HIV1.cut.id_AF110965.1	1676.47	-	-	12841.09	-	-	-	-	-	10	-
HIV1.cut.id_AF110966.1	2147.34	-	-	-	-	-	-	-	-	10	-
HIV1.cut.id_AF110967.1	1049.03	-	-	3712.87	-	-	-	-	-	10	-
HIV1.cut.id_AF110968.1	1390.48	994.69	-	-	567.38	-	-	-	-	10	-
HIV1.cut.id_AF110969.1	1151.93	-	-	-	2769.23	-	-	-	-	10	-
HIV1.cut.id_AF110970.1	2076.78	2947.85	-	3016.59	-	-	-	-	-	10	-
HIV1.cut.id_AF110971.1	1403.71	-	-	4399.06	-	-	-	-	-	10	-
HIV1.cut.id_AF110972.1	482.55	56.56	-	4280.16	-	-	-	-	-	10	-
HIV1.cut.id_AF110973.1	417.06	3954.08	-	-	-	-	-	-	-	10	-
HIV1.cut.id_AF110974.1	575.14	1152.84	2594.51	4580.15	83.19	-	2366.86	-	-	10	-
HIV1.cut.id_AF110975.1	3923.54	-	297.27	4000.0	-	-	-	-	-	10	-
HIV1.cut.id_AF110976.1	1376.94	1194.03	-	2349.15	-	-	-	-	-	10	-
HIV1.cut.id_AF110977.1	4464.94	-	-	3108.04	-	-	-	-	-	10	-
HIV1.cut.id_AF110978.1	2531.96	-	-	2390.44	-	-	-	-	-	10	-
HIV1.cut.id_AF110979.1	253.16	-	-	-	-	-	-	-	-	10	-
HIV1.cut.id_AF110980.1	156.76	59.81	1034.62	5142.46	-	-	-	-	-	10	-
HIV1.cut.id_AF110981.1	2892.1	-	1730.35	1820.73	-	-	-	-	-	10	-
HIV1.cut.id_AF119819.1	43.94	3264.6	605.06	1852.94	0.0	-	-	-	-	10	-
HIV1.cut.id_AF119820.1	521.17	121.73	0.0	1377.08	0.0	-	-	-	-	10	-
HIV1.cut.id_AF164485.1	4006.16	3619.91	-	1835.27	-	-	-	-	-	10	-
HIV1.cut.id_AF179368.1	0.0	2721.24	-	709.62	0.0	-	-	-	-	10	-
HIV1.cut.id_AF184155.1	620.29	2725.17	-	2272.73	1540.38	-	-	-	-	10	-
HIV1.cut.id_AF190127.1	2606.01	1373.83	346.68	2657.04	0.0	-	-	-	-	10	-
HIV1.cut.id_AF192135.1	582.23	527.55	0.0	3394.3	17.8	-	-	-	-	10	-
HIV1.cut.id_AF193253.1	998.89	94.61	49.93	5863.76	2167.58	-	-	-	-	10	-
HIV1.cut.id_AF193275.1	7430.49	3690.37	-	1853.57	-	-	-	-	-	10	-
HIV1.cut.id_AF193276.1	5978.34	3304.09	-	2706.77	-	-	-	-	-	10	-
HIV1.cut.id_AF193277.1	2146.05	-	-	-	-	-	-	-	-	10	-
HIV1.cut.id_AF197338.1	4863.05	-	-	3396.85	354.92	-	-	-	-	10	-
HIV1.cut.id_AF197339.1	2063.38	-	-	5441.48	-	-	-	-	-	10	-
HIV1.cut.id_AF197340.1	1725.9	3142.33	-	2953.59	163.13	-	-	-	-	10	-
HIV1.cut.id_AF197341.1	2280.57	4194.86	-	4022.99	-	-	-	-	-	10	-
HIV1.cut.id_AF224507.1	1047.99	2832.71	-	7379.61	-	-	-	-	-	10	-
HIV1.cut.id_AF256205.1	433.63	-	-	8271.24	-	-	-	-	-	10	-
HIV1.cut.id_AF256206.1	2618.45	-	-	4377.43	-	-	-	-	-	10	-
HIV1.cut.id_AF256207.1	1080.77	-	3526.97	-	-	-	-	-	-	10	-
HIV1.cut.id_AF256211.1	1669.92	-	-	1700.37	-	-	-	-	-	10	-
HIV1.cut.id_AF259954.1	3637.25	3708.99	-	2780.27	-	-	-	-	-	10	-
HIV1.cut.id_AF259955.1	2330.4	-	-	1784.7	-	-	-	-	-	10	-
HIV1.cut.id_AF286223.1	5072.3	2205.88	-	3046.84	0.0	-	-	-	-	10	-
HIV1.cut.id_AF286224.1	630.52	4493.63	-	3133.51	-	-	-	-	-	10	-
HIV1.cut.id_AF286225.1	2342.61	0.0	-	4519.44	-	-	-	-	-	10	-
HIV1.cut.id_AF286226.1	3429.07	3616.64	-	3291.88	-	-	-	-	-	10	-
HIV1.cut.id_AF286227.1	347.66	3827.75	-	5159.07	-	-	-	-	-	10	-
HIV1.cut.id_AF286228.1	335.07	2384.59	-	2538.53	-	-	-	-	-	10	-
HIV1.cut.id_AF286229.1	4078.43	2713.7	-	4814.81	-	-	-	-	-	10	-
HIV1.cut.id_AF286230.1	5381.59	3594.08	-	4567.14	-	-	-	-	-	10	-
HIV1.cut.id_AF286231.1	0.0	3125.0	-	6457.4	0.0	-	-	-	-	10	-
HIV1.cut.id_AF286232.1	2257.27	-	-	3569.23	1235.52	-	-	-	-	10	-
HIV1.cut.id_AF286233.1	136.71	1388.89	-	2701.47	0.0	-	-	-	-	10	-
HIV1.cut.id_AF286234.1	301.41	1347.94	-	0.0	-	-	-	-	-	10	-
HIV1.cut.id_AF286235.1	0.0	397.97	-	1460.82	0.0	-	-	-	-	10	-
HIV1.cut.id_AF286236.1	0.0	525.15	1542.98	635.32	0.0	-	-	-	-	10	-
HIV1.cut.id_AF286237.1	22.18	74.1	708.1	2779.4	0.0	-	-	-	-	10	-
HIV1.cut.id_AF286238.1	11.15	2705.69	922.82	299.15	529.1	-	-	-	-	10	-
HIV1.cut.id_AF286239.1	0.0	242.87	-	900.75	0.0	-	-	-	-	10	-
HIV1.cut.id_AF286365.1	25.48	255.23	3145.24	-	-	-	-	-	-	10	-
HIV1.cut.id_AF289548.1	412.21	2146.12	-	1879.65	0.0	-	-	-	-	10	-
HIV1.cut.id_AF289549.1	1208.02	1490.37	-	2436.13	0.0	-	-	-	-	10	-
HIV1.cut.id_AF289550.1	3858.99	2130.82	0.0	2664.76	0.0	-	-	-	-	10	-
HIV1.cut.id_AF290027.1	276.3	193.26	-	4019.89	468.6	-	-	-	-	10	-
HIV1.cut.id_AF290028.1	294.01	134.17	-	1636.52	-	-	-	-	-	10	-
HIV1.cut.id_AF290029.1	2333.93	-	-	3355.89	2158.77	-	-	-	-	10	-
HIV1.cut.id_AF290030.1	-	-	-	2056.31	-	-	-	-	-	10	-
HIV1.cut.id_AF316544.1	929.48	0.0	3775.41	3304.01	0.0	-	-	-	-	10	-
HIV1.cut.id_AF321523.1	1079.41	1171.68	-	6008.01	-	-	-	-	-	10	-
HIV1.cut.id_AF332867.1	3461.74	-	-	2996.85	-	-	-	-	-	10	-
HIV1.cut.id_AF361873.1	22.11	1740.81	1652.89	3515.78	-	-	-	-	-	10	-
HIV1.cut.id_AF377958.1	307.38	65.17	0.0	4119.99	0.0	-	-	-	-	10	-
HIV1.cut.id_AF385934.1	3001.65	4246.85	-	3281.71	1473.68	-	-	-	-	10	-
HIV1.cut.id_AF385935.1	2727.99	3193.87	-	4072.61	-	-	-	-	-	10	-
HIV1.cut.id_AF385936.1	1712.71	1940.18	-	2922.86	-	-	-	-	-	10	-
HIV1.cut.id_AF407418.1	13781.15	2476.68	466.78	1416.19	102.96	-	-	-	-	10	-
HIV1.cut.id_AF407419.1	10672.88	474.81	901.27	0.0	185.44	-	-	-	-	10	-
HIV1.cut.id_AF408626.1	2191.58	2383.22	-	1388.89	-	-	-	-	-	10	-
HIV1.cut.id_AF408627.1	3041.48	4512.49	-	1358.7	-	-	-	-	-	10	-
HIV1.cut.id_AF408628.1	540.87	-	-	5710.81	-	-	-	-	-	10	-
HIV1.cut.id_AF408629.1	984.63	0.0	2739.73	648.56	-	-	-	-	-	10	-
HIV1.cut.id_AF408630.1	0.0	1138.09	-	6480.3	2010.97	-	-	-	-	10	-
HIV1.cut.id_AF408631.1	0.0	3796.51	-	4127.5	-	-	-	-	-	10	-
HIV1.cut.id_AF408632.1	1692.33	-	-	1842.33	-	-	-	-	-	10	-
HIV1.cut.id_AF411964.1	335.03	265.05	1243.34	1440.08	81.55	-	-	-	-	10	-
HIV1.cut.id_AF411965.1	1483.8	3560.21	1161.67	897.67	0.0	-	-	-	-	10	-
HIV1.cut.id_AF411966.1	1101.45	0.0	1618.12	6304.99	-	-	-	-	-	10	-
HIV1.cut.id_AF411967.1	98.62	1775.66	-	753.77	-	-	-	-	-	10	-
HIV1.cut.id_AF413987.1	2120.34	4466.02	-	3912.42	-	-	-	-	-	10	-
HIV1.cut.id_AF414006.1	4103.07	-	-	-	-	-	-	-	-	10	-
HIV1.cut.id_AF423755.1	2733.64	4799.3	-	4635.76	-	-	-	-	-	10	-
HIV1.cut.id_AF423756.1	1545.6	1829.27	4972.38	1327.62	-	-	-	-	-	10	-
HIV1.cut.id_AF423757.1	3164.34	-	-	3897.94	-	-	-	-	-	10	-
HIV1.cut.id_AF423758.1	1884.08	3606.56	-	3992.88	-	-	-	-	-	10	-
HIV1.cut.id_AF423759.1	354.44	3222.92	-	1655.63	-	-	-	-	-	10	-
HIV1.cut.id_AF423760.1	925.76	-	-	3153.39	3289.47	-	-	-	-	10	-
HIV1.cut.id_AF443074.1	1724.33	371.47	-	4921.79	-	-	-	-	-	10	-
HIV1.cut.id_AF443075.1	378.11	1388.89	-	2653.13	-	-	-	-	-	10	-
HIV1.cut.id_AF443076.1	1517.88	-	-	4462.43	-	-	-	-	-	10	-
HIV1.cut.id_AF443077.1	3549.55	3527.98	-	2888.45	-	-	-	-	-	10	-
HIV1.cut.id_AF443078.1	0.0	1128.21	-	2929.94	0.0	-	-	-	-	10	-
HIV1.cut.id_AF443079.1	2085.62	279.52	-	3812.51	0.0	-	-	-	-	10	-
HIV1.cut.id_AF443080.1	560.73	4952.27	-	1283.7	828.73	-	-	-	-	10	-
HIV1.cut.id_AF443081.1	370.77	825.16	-	1270.42	2267.3	-	-	-	-	10	-
HIV1.cut.id_AF443082.1	0.0	354.07	-	4326.92	-	-	-	-	-	10	-
HIV1.cut.id_AF443083.1	161.07	2508.36	2066.77	898.37	-	-	-	-	-	10	-
HIV1.cut.id_AF443084.1	78.42	1542.26	-	1712.65	-	-	-	-	-	10	-
HIV1.cut.id_AF443085.1	202.78	986.19	-	1568.42	-	-	-	-	-	10	-
HIV1.cut.id_AF443086.1	188.2	1355.21	-	3202.68	-	-	-	-	-	10	-
HIV1.cut.id_AF443087.1	470.52	-	-	2786.99	240.96	-	-	-	-	10	-
HIV1.cut.id_AF443088.1	1669.06	463.32	-	2373.08	-	-	-	-	-	10	-
HIV1.cut.id_AF443089.1	77.96	-	-	-	-	-	-	-	-	10	-
HIV1.cut.id_AF443090.1	1243.84	-	-	187.79	0.0	-	-	-	-	10	-
HIV1.cut.id_AF443091.1	1098.22	1851.18	671.14	3058.65	0.0	-	-	-	-	10	-
HIV1.cut.id_AF443092.1	0.0	2039.43	-	3751.8	-	-	-	-	-	10	-
HIV1.cut.id_AF443093.1	599.94	1195.03	-	3835.11	-	-	-	-	-	10	-
HIV1.cut.id_AF443094.1	161.53	181.82	4854.37	1331.46	185.41	-	-	-	-	10	-
HIV1.cut.id_AF443095.1	1934.94	1983.88	-	2277.43	1598.3	-	-	-	-	10	-
HIV1.cut.id_AF443096.1	460.98	3007.52	-	3937.41	206.19	-	-	-	-	10	-
HIV1.cut.id_AF443097.1	0.0	2909.34	-	7332.72	2131.6	-	-	-	-	10	-
HIV1.cut.id_AF443098.1	0.0	-	-	3538.77	541.52	-	-	-	-	10	-
HIV1.cut.id_AF443099.1	1638.15	-	-	7677.45	-	-	-	-	-	10	-
HIV1.cut.id_AF443100.1	16.96	2013.97	3414.63	2798.17	114.29	-	-	-	-	10	-
HIV1.cut.id_AF443101.1	630.88	2079.21	-	2826.71	689.66	-	-	-	-	10	-
HIV1.cut.id_AF443102.1	1798.94	0.0	-	1497.37	-	-	-	-	-	10	-
HIV1.cut.id_AF443103.1	857.75	1156.07	-	2172.79	-	-	-	-	-	10	-
HIV1.cut.id_AF443104.1	1509.03	5503.14	-	5000.0	562.85	-	-	-	-	10	-
HIV1.cut.id_AF443105.1	1517.65	2497.4	-	1310.7	1404.21	-	-	-	-	10	-
HIV1.cut.id_AF443107.1	1521.21	2553.92	1298.7	4228.19	0.0	-	-	-	-	10	-
HIV1.cut.id_AF443108.1	0.0	470.43	-	4981.85	232.38	-	-	-	-	10	-
HIV1.cut.id_AF443109.1	28.23	1660.99	-	3428.3	-	-	-	-	-	10	-
HIV1.cut.id_AF443110.1	555.49	-	-	3530.73	77.7	-	-	-	-	10	-
HIV1.cut.id_AF443111.1	0.0	4375.0	-	1380.3	0.0	-	-	-	-	10	-
HIV1.cut.id_AF443112.1	1153.97	485.77	-	1454.14	-	-	-	-	-	10	-
HIV1.cut.id_AF443113.1	58.2	1129.94	-	3099.59	0.0	-	-	-	-	10	-
HIV1.cut.id_AF443114.1	0.0	815.0	-	56422.02	0.0	-	-	-	-	10	-
HIV1.cut.id_AF443115.1	574.78	1710.06	-	2302.52	-	-	-	-	-	10	-
HIV1.cut.id_AF450096.1	2591.5	-	-	2432.22	-	-	-	-	-	10	-
HIV1.cut.id_AF450097.1	1457.43	-	-	4322.77	-	-	-	-	-	10	-
HIV1.cut.id_AF450098.1	1935.84	2487.56	-	3783.78	-	-	-	-	-	10	-
HIV1.cut.id_AF457058.1	3718.86	41.43	-	1332.51	422.89	-	-	-	-	10	-
HIV1.cut.id_AF460972.1	3151.64	3178.61	-	3733.9	40.37	-	-	-	-	10	-
HIV1.cut.id_AF460974.1	1016.49	2560.16	-	2108.31	-	-	-	-	-	10	-
HIV1.cut.id_AF468970.1	1212.63	-	-	3277.06	-	-	-	-	-	10	-
HIV1.cut.id_AF484480.1	568.12	2295.41	1079.49	6721.37	92.38	-	-	-	-	10	-
HIV1.cut.id_AF484485.1	3864.02	2262.44	137.08	2586.81	0.0	-	-	-	-	10	-
HIV1.cut.id_AF484511.1	1319.98	494.07	819.67	6120.47	0.0	-	-	-	-	10	-
HIV1.cut.id_AF484515.1	478.69	-	616.2	3898.68	0.0	-	-	-	-	10	-
HIV1.cut.id_AF490973.1	853.49	-	-	797.87	-	-	-	-	-	10	-
HIV1.cut.id_AF490974.1	202.11	-	-	4673.81	-	-	-	-	-	10	-
HIV1.cut.id_AF492623.1	1642.31	-	-	3713.77	-	-	-	-	-	10	-
HIV1.cut.id_AF492624.1	0.0	738.31	-	-	0.0	-	-	-	-	10	-
HIV1.cut.id_AF503396.1	2766.25	4754.36	-	7303.22	-	-	-	-	-	10	-
HIV1.cut.id_AF516184.1	2000.45	2143.52	-	2660.83	-	-	-	-	-	10	-
HIV1.cut.id_AF529572.1	372.99	3404.26	-	3474.9	-	-	-	-	-	10	-
HIV1.cut.id_AF529573.1	1122.58	-	-	292.61	325.47	-	-	-	-	10	-
HIV1.cut.id_AF530576.1	579.27	-	-	1066.93	-	-	-	-	-	10	-
HIV1.cut.id_AF538302.1	491.51	1518.22	-	4159.73	-	-	-	-	-	10	-
HIV1.cut.id_AF538303.1	2682.39	1023.33	-	1429.14	-	-	-	-	-	10	-
HIV1.cut.id_AJ006022.1	2510.41	1388.28	3670.75	604.5	0.0	-	-	-	-	10	-
HIV1.cut.id_AJ006287.1	3137.34	-	-	4460.76	-	-	-	-	-	10	-
HIV1.cut.id_AJ237565.1	738.26	107.99	126.98	1858.17	0.0	-	-	-	-	10	-
HIV1.cut.id_AJ239083.1	1208.59	289.02	2526.64	315.64	0.0	-	-	-	-	10	-
HIV1.cut.id_AJ245481.2	569.11	3873.05	-	1169.79	285.17	-	-	-	-	10	-
HIV1.cut.id_AJ251056.1	936.31	695.45	2299.95	311.09	0.0	-	-	-	-	10	-
HIV1.cut.id_AJ251057.1	1399.56	270.09	-	3500.0	38.27	-	-	-	-	10	-
HIV1.cut.id_AJ271370.1	3687.22	646.55	189.39	1971.01	0.0	-	-	-	-	10	-
HIV1.cut.id_AJ271445.1	776.28	4453.78	-	1558.51	-	-	-	-	-	10	-
HIV1.cut.id_AJ276595.1	156.49	0.0	0.0	2935.42	-	-	-	-	-	10	-
HIV1.cut.id_AJ276596.1	2232.44	-	1535.84	3496.36	0.0	-	-	-	-	10	-
HIV1.cut.id_AJ288981.1	369.9	1223.58	2424.24	2853.42	44.1	-	-	-	-	10	-
HIV1.cut.id_AJ288982.1	1038.93	0.0	2045.83	2088.99	0.0	-	-	-	-	10	-
HIV1.cut.id_AJ291718.1	222.35	0.0	-	3042.12	0.0	-	-	-	-	10	-
HIV1.cut.id_AJ291719.1	1923.08	270.03	1282.29	1463.24	186.16	-	-	-	-	10	-
HIV1.cut.id_AJ291720.1	0.0	240.28	574.71	1463.16	0.0	-	-	-	-	10	-
HIV1.cut.id_AJ302646.1	5447.85	2925.22	932.2	2883.38	2313.84	-	-	-	-	10	-
HIV1.cut.id_AJ302647.1	3368.47	2980.66	0.0	8626.88	0.0	-	-	-	-	10	-
HIV1.cut.id_AJ320484.1	10.97	0.0	-	2532.44	0.0	-	-	-	-	10	-
HIV1.cut.id_AJ404325.1	0.0	1029.51	0.0	2053.82	17.74	-	-	-	-	10	-
HIV1.cut.id_AJ508595.1	159.86	3551.14	1620.11	4456.76	0.0	-	-	-	-	10	-
HIV1.cut.id_AJ508596.1	1875.34	1374.57	944.77	3857.62	668.22	-	-	-	-	10	-
HIV1.cut.id_AJ508597.1	3316.36	1754.39	3734.44	3387.26	0.0	-	-	-	-	10	-
HIV1.cut.id_AJ866553.1	1966.38	1011.03	1481.15	0.0	65.98	-	-	-	-	10	-
HIV1.cut.id_AJ866554.1	823.63	1222.0	-	4385.32	0.0	-	-	-	-	10	-
HIV1.cut.id_AJ866555.1	111.81	0.0	-	491.72	0.0	-	-	-	-	10	-
HIV1.cut.id_AJ866556.1	2172.14	805.91	1319.71	1740.51	-	-	-	-	-	10	-
HIV1.cut.id_AJ866557.1	0.0	2768.17	4095.11	1350.14	22.42	-	-	-	-	10	-
HIV1.cut.id_AJ866558.1	127.09	1015.08	0.0	2301.65	596.85	-	-	-	-	10	-
HIV1.cut.id_AM000053.1	2174.63	290.21	0.0	727.69	0.0	-	-	-	-	10	-
HIV1.cut.id_AM000054.1	0.0	1176.76	1999.05	1503.08	769.79	-	-	-	-	10	-
HIV1.cut.id_AM000055.1	516.2	1605.91	0.0	3568.09	50.35	-	-	-	-	10	-
HIV1.cut.id_AP005206.1	6025.02	-	-	2931.6	-	-	-	-	-	10	-
HIV1.cut.id_AP005207.1	2565.55	4900.66	-	3419.13	-	-	-	-	-	10	-
HIV1.cut.id_AY008714.1	5979.69	-	-	-	-	-	-	-	-	10	-
HIV1.cut.id_AY008715.1	2743.86	3575.55	-	4855.84	-	-	-	-	-	10	-
HIV1.cut.id_AY008716.1	661.42	-	-	2370.99	-	-	-	-	-	10	-
HIV1.cut.id_AY008717.1	6662.23	4425.53	-	2183.91	-	-	-	-	-	10	-
HIV1.cut.id_AY008718.1	4270.37	-	-	2923.69	-	-	-	-	-	10	-
HIV1.cut.id_AY037282.1	67.49	0.0	-	2761.55	4987.53	-	-	-	-	10	-
HIV1.cut.id_AY046058.1	0.0	3562.55	1065.83	608.76	0.0	-	-	-	-	10	-
HIV1.cut.id_AY049708.1	4433.5	484.65	-	3629.03	-	-	-	-	-	10	-
HIV1.cut.id_AY049709.1	3483.77	-	-	7735.85	0.0	-	-	-	-	10	-
HIV1.cut.id_AY049710.1	333.56	-	-	-	-	-	-	-	-	10	-
HIV1.cut.id_AY049711.1	236.97	1801.8	-	3265.77	1402.28	-	-	-	-	10	-
HIV1.cut.id_AY074891.1	93.82	2115.24	-	4472.23	0.0	-	-	-	-	10	-
HIV1.cut.id_AY082968.1	9208.99	-	-	-	-	-	-	-	-	10	-
HIV1.cut.id_AY093603.1	795.42	542.64	0.0	1925.15	0.0	-	-	-	-	10	-
HIV1.cut.id_AY093604.1	495.44	2831.94	-	2600.97	0.0	-	-	-	-	10	-
HIV1.cut.id_AY093605.1	1909.58	2753.7	1056.11	718.72	0.0	-	-	-	-	10	-
HIV1.cut.id_AY118165.1	1574.8	3345.72	-	4446.55	4210.53	-	-	-	-	10	-
HIV1.cut.id_AY118166.1	0.0	351.19	-	4654.7	-	-	-	-	-	10	-
HIV1.cut.id_AY125894.1	574.59	-	-	-	-	-	-	-	-	10	-
HIV1.cut.id_AY158533.1	718.79	2512.56	-	2586.21	-	-	-	-	-	10	-
HIV1.cut.id_AY158534.1	1820.4	2929.29	-	3024.97	-	-	-	-	-	10	-
HIV1.cut.id_AY158535.1	228.95	320.51	-	2450.17	-	-	-	-	-	10	-
HIV1.cut.id_AY162223.1	524.82	2045.34	-	3338.45	-	-	-	-	-	10	-
HIV1.cut.id_AY162224.1	239.81	298.95	-	3832.58	0.0	-	-	-	-	10	-
HIV1.cut.id_AY162225.1	443.92	2522.61	-	605.54	-	-	-	-	-	10	-
HIV1.cut.id_AY167123.1	1424.66	1041.67	-	-	-	-	-	-	-	10	-
HIV1.cut.id_AY169802.1	177.51	102.67	764.14	5711.54	757.19	-	-	-	-	10	-
HIV1.cut.id_AY169803.1	907.94	-	-	-	-	-	-	-	-	10	-
HIV1.cut.id_AY169804.1	477.44	0.0	0.0	6024.69	85.18	-	-	-	-	10	-
HIV1.cut.id_AY169805.1	16005.25	451.67	-	6126.2	1213.25	-	-	-	-	10	-
HIV1.cut.id_AY169806.1	236.63	980.17	3333.33	1511.56	0.0	-	-	-	-	10	-
HIV1.cut.id_AY169807.1	7081.87	3555.01	-	2859.66	0.0	-	-	-	-	10	-
HIV1.cut.id_AY169808.1	208.25	2774.77	0.0	1651.94	0.0	-	-	-	-	10	-
HIV1.cut.id_AY169809.1	5837.59	1666.67	392.38	1724.14	50.3	-	-	-	-	10	-
HIV1.cut.id_AY169810.1	4281.84	2719.53	832.18	1706.75	0.0	-	-	-	-	10	-
HIV1.cut.id_AY169811.1	182.38	715.99	343.49	2675.41	0.0	-	-	-	-	10	-
HIV1.cut.id_AY169812.1	0.0	613.18	0.0	570.78	0.0	-	-	-	-	10	-
HIV1.cut.id_AY169813.1	3165.59	1540.79	3281.52	2091.28	664.74	-	-	-	-	10	-
HIV1.cut.id_AY169814.1	3069.89	2533.78	-	3522.68	2177.25	-	-	-	-	10	-
HIV1.cut.id_AY169815.1	7587.63	3416.86	-	4549.76	-	-	-	-	-	10	-
HIV1.cut.id_AY169816.1	806.68	0.0	0.0	2770.45	0.0	-	-	-	-	10	-
HIV1.cut.id_AY173951.1	1656.07	0.0	-	2285.71	-	-	-	-	-	10	-
HIV1.cut.id_AY173952.1	2962.96	191.94	-	1445.78	-	-	-	-	-	10	-
HIV1.cut.id_AY173953.1	2435.06	-	-	764.33	-	-	-	-	-	10	-
HIV1.cut.id_AY173954.1	1323.63	-	3896.1	6168.22	-	-	-	-	-	10	-
HIV1.cut.id_AY173955.1	182.19	-	-	2342.61	-	-	-	-	-	10	-
HIV1.cut.id_AY173956.1	1456.57	2514.29	-	2564.1	-	-	-	-	-	10	-
HIV1.cut.id_AY173957.1	1880.31	-	-	14647.07	-	-	-	-	-	10	-
HIV1.cut.id_AY173958.1	4388.62	440.92	2631.58	4320.56	-	-	-	-	-	10	-
HIV1.cut.id_AY180905.1	1509.43	2169.7	-	1648.8	-	-	-	-	-	10	-
HIV1.cut.id_AY227107.1	0.0	0.0	0.0	2437.18	1223.24	-	-	-	-	10	-
HIV1.cut.id_AY228556.1	796.87	1158.65	-	3754.27	-	-	-	-	-	10	-
HIV1.cut.id_AY228557.1	698.99	444.44	-	4618.47	0.0	-	-	-	-	10	-
HIV1.cut.id_AY237165.1	1349.12	1162.79	1270.21	1897.64	413.48	-	-	-	-	10	-
HIV1.cut.id_AY237166.1	0.0	352.45	601.42	2895.16	0.0	-	-	-	-	10	-
HIV1.cut.id_AY237167.1	5748.41	956.52	4255.32	2644.84	-	-	-	-	-	10	-
HIV1.cut.id_AY271690.1	3259.92	-	0.0	115.87	0.0	-	-	-	-	10	-
HIV1.cut.id_AY308760.1	274.88	2380.95	-	4464.29	-	-	-	-	-	10	-
HIV1.cut.id_AY308761.1	1364.01	909.09	-	6477.88	0.0	-	-	-	-	10	-
HIV1.cut.id_AY308762.1	2634.55	3516.35	-	1808.22	-	-	-	-	-	10	-
HIV1.cut.id_AY314044.1	2642.35	-	61.16	2419.86	-	-	-	-	-	10	-
HIV1.cut.id_AY314045.1	528.4	-	-	-	-	-	-	-	-	10	-
HIV1.cut.id_AY314046.1	685.55	-	-	6882.46	-	-	-	-	-	10	-
HIV1.cut.id_AY314047.1	2359.49	-	-	-	-	-	-	-	-	10	-
HIV1.cut.id_AY314048.1	917.43	-	-	5358.9	-	-	-	-	-	10	-
HIV1.cut.id_AY314049.1	3028.67	-	-	-	-	-	-	-	-	10	-
HIV1.cut.id_AY314050.1	523.83	-	-	3713.14	-	-	-	-	-	10	-
HIV1.cut.id_AY314051.1	2268.43	-	-	-	-	-	-	-	-	10	-
HIV1.cut.id_AY314052.1	1415.87	-	-	4560.97	-	-	-	-	-	10	-
HIV1.cut.id_AY314053.1	934.89	95.15	-	15321.79	-	-	-	-	-	10	-
HIV1.cut.id_AY314054.1	2501.16	-	-	6384.18	-	-	-	-	-	10	-
HIV1.cut.id_AY314055.1	1164.61	-	-	-	-	-	-	-	-	10	-
HIV1.cut.id_AY314056.1	1632.79	-	-	1035.38	-	-	-	-	-	10	-
HIV1.cut.id_AY314057.1	1282.92	-	-	-	-	-	-	-	-	10	-
HIV1.cut.id_AY314058.1	-	-	-	-	-	-	-	-	-	10	-
HIV1.cut.id_AY314059.1	1256.89	-	-	-	-	-	-	-	-	10	-
HIV1.cut.id_AY314060.1	1458.8	85.84	-	2372.88	-	-	-	-	-	10	-
HIV1.cut.id_AY314061.1	813.34	-	-	-	-	-	-	-	-	10	-
HIV1.cut.id_AY314062.1	512.45	-	-	-	-	-	-	-	-	10	-
HIV1.cut.id_AY314063.1	799.33	-	-	1859.15	-	-	-	-	-	10	-
HIV1.cut.id_AY322184.1	385.05	1672.58	0.0	5080.35	4754.6	-	-	-	-	10	-
HIV1.cut.id_AY322185.1	1728.31	0.0	-	1179.41	-	-	-	-	-	10	-
HIV1.cut.id_AY322187.1	903.72	1226.38	192.49	6407.49	-	-	-	-	-	10	-
HIV1.cut.id_AY322189.1	2663.15	3004.16	0.0	1108.2	0.0	-	-	-	-	10	-
HIV1.cut.id_AY322190.1	756.51	-	4627.25	3930.29	0.0	-	-	-	-	10	-
HIV1.cut.id_AY322191.1	1699.61	5886.48	-	3266.79	0.0	-	-	-	-	10	-
HIV1.cut.id_AY322193.1	662.48	2479.34	-	4348.93	-	-	-	-	-	10	-
HIV1.cut.id_AY331282.1	580.15	-	-	-	3872.22	-	-	-	-	10	-
HIV1.cut.id_AY331283.1	0.0	3667.69	-	-	-	-	-	-	-	10	-
HIV1.cut.id_AY331284.1	2982.52	-	-	-	0.0	-	-	-	-	10	-
HIV1.cut.id_AY331285.1	0.0	-	-	-	1975.54	-	-	-	-	10	-
HIV1.cut.id_AY331286.1	835.51	2290.71	-	4473.9	3470.25	-	-	-	-	10	-
HIV1.cut.id_AY331287.1	3324.87	534.1	-	-	-	-	-	-	-	10	-
HIV1.cut.id_AY331288.1	0.0	1558.44	1492.54	2078.24	96.71	-	-	-	-	10	-
HIV1.cut.id_AY331289.1	-	49.26	-	2541.23	158.04	-	-	-	-	10	-
HIV1.cut.id_AY331290.1	18.3	43.82	-	1638.31	4464.29	-	-	-	-	10	-
HIV1.cut.id_AY331292.1	50.83	3064.98	-	-	115.41	-	-	-	-	10	-
HIV1.cut.id_AY331293.1	50.75	349.11	-	1242.07	2266.08	-	-	-	-	10	-
HIV1.cut.id_AY331296.1	1052.05	3584.56	-	2280.81	182.82	-	-	-	-	10	-
HIV1.cut.id_AY331297.1	0.0	2030.46	0.0	2269.19	-	-	-	-	-	10	-
HIV1.cut.id_AY332236.1	-	-	-	6239.17	-	-	-	-	-	10	-
HIV1.cut.id_AY352654.1	319.84	0.0	451.26	3150.95	609.76	-	-	-	-	10	-
HIV1.cut.id_AY352655.1	0.0	1511.88	189.39	2823.37	0.0	-	-	-	-	10	-
HIV1.cut.id_AY352656.1	685.54	1803.95	2757.62	4118.91	191.57	-	-	-	-	10	-
HIV1.cut.id_AY352657.1	2915.01	2990.03	2719.3	765.18	0.0	-	-	-	-	10	-
HIV1.cut.id_AY423381.1	2057.83	-	-	3183.91	-	-	-	-	-	10	-
HIV1.cut.id_AY423382.1	804.96	4347.83	-	5767.83	-	-	-	-	-	10	-
HIV1.cut.id_AY423383.1	1741.18	-	-	-	-	-	-	-	-	10	-
HIV1.cut.id_AY423384.1	1230.95	2434.08	-	4078.3	-	-	-	-	-	10	-
HIV1.cut.id_AY423385.1	2980.39	-	-	1289.77	-	-	-	-	-	10	-
HIV1.cut.id_AY423386.1	833.33	-	-	4219.41	-	-	-	-	-	10	-
HIV1.cut.id_AY423387.1	1303.89	-	-	-	-	-	-	-	-	10	-
HIV1.cut.id_AY445524.1	4299.54	3621.17	0.0	2285.71	354.79	-	-	-	-	10	-
HIV1.cut.id_AY455778.1	0.0	-	-	1993.13	-	-	-	-	-	10	-
HIV1.cut.id_AY455779.1	83.23	3356.79	-	-	-	-	-	-	-	10	-
HIV1.cut.id_AY455780.1	518.61	1415.7	-	4100.95	-	-	-	-	-	10	-
HIV1.cut.id_AY455781.1	892.07	4679.14	-	3302.75	-	-	-	-	-	10	-
HIV1.cut.id_AY455782.1	503.3	4313.38	-	3760.33	1662.05	-	-	-	-	10	-
HIV1.cut.id_AY455783.1	909.43	0.0	-	11447.81	461.68	-	-	-	-	10	-
HIV1.cut.id_AY455784.1	172.97	-	-	2470.83	1167.96	-	-	-	-	10	-
HIV1.cut.id_AY455785.1	1967.7	3372.37	-	2295.68	-	-	-	-	-	10	-
HIV1.cut.id_AY463217.1	187.95	-	-	6419.18	639.2	-	-	-	-	10	-
HIV1.cut.id_AY463218.1	0.0	487.41	-	1129.94	-	-	-	-	-	10	-
HIV1.cut.id_AY463219.1	3675.74	569.8	-	7350.69	0.0	-	-	-	-	10	-
HIV1.cut.id_AY463220.1	544.33	1520.91	-	3988.45	0.0	-	-	-	-	10	-
HIV1.cut.id_AY463221.1	395.83	1585.76	-	-	-	-	-	-	-	10	-
HIV1.cut.id_AY463222.1	0.0	4081.63	-	3118.91	-	-	-	-	-	10	-
HIV1.cut.id_AY463223.1	1665.62	1415.93	-	2844.04	-	-	-	-	-	10	-
HIV1.cut.id_AY463224.1	185.36	2873.35	-	4434.07	-	-	-	-	-	10	-
HIV1.cut.id_AY463225.1	936.65	824.74	1408.45	4745.76	-	-	-	-	-	10	-
HIV1.cut.id_AY463226.1	502.44	2190.58	-	3650.09	-	-	-	-	-	10	-
HIV1.cut.id_AY463227.1	97.85	2113.7	-	1493.14	-	-	-	-	-	10	-
HIV1.cut.id_AY463228.1	13.06	216.45	-	4672.15	1626.02	-	-	-	-	10	-
HIV1.cut.id_AY463229.1	1289.82	-	4697.99	373.83	194.17	-	-	-	-	10	-
HIV1.cut.id_AY463230.1	0.0	1384.08	-	8971.96	0.0	-	-	-	-	10	-
HIV1.cut.id_AY463231.1	0.0	791.3	-	-	-	-	-	-	-	10	-
HIV1.cut.id_AY463232.1	53.62	3045.07	-	4230.88	-	-	-	-	-	10	-
HIV1.cut.id_AY463233.1	100.63	4689.43	-	2544.28	988.14	-	-	-	-	10	-
HIV1.cut.id_AY463234.1	0.0	1509.43	-	3033.13	-	-	-	-	-	10	-
HIV1.cut.id_AY463235.1	1228.19	447.03	1850.67	4297.35	93.98	-	-	-	-	10	-
HIV1.cut.id_AY463236.1	0.0	-	1882.85	3101.36	-	-	-	-	-	10	-
HIV1.cut.id_AY463237.1	922.69	4535.94	-	7589.17	0.0	-	-	-	-	10	-
HIV1.cut.id_AY500393.1	4473.07	-	-	4403.41	-	-	-	-	-	10	-
HIV1.cut.id_AY531116.1	2120.97	745.08	-	3090.68	-	-	-	-	-	10	-
HIV1.cut.id_AY532635.1	5415.08	2098.0	1681.61	1848.48	84.75	-	-	-	-	10	-
HIV1.cut.id_AY535659.1	3161.01	-	-	4798.9	-	-	-	-	-	10	-
HIV1.cut.id_AY535660.1	3150.47	257.29	-	2365.13	-	-	-	-	-	10	-
HIV1.cut.id_AY536233.1	2773.94	-	-	1581.72	-	-	-	-	-	10	-
HIV1.cut.id_AY536234.1	1347.67	-	-	4545.45	-	-	-	-	-	10	-
HIV1.cut.id_AY536235.1	0.0	-	-	3398.47	-	-	-	-	-	10	-
HIV1.cut.id_AY536236.1	170.29	2695.42	-	4299.75	92.42	-	-	-	-	10	-
HIV1.cut.id_AY536237.1	3894.44	534.76	4838.71	4314.33	-	-	-	-	-	10	-
HIV1.cut.id_AY536238.1	444.12	0.0	3524.67	-	-	-	-	-	-	10	-
HIV1.cut.id_AY560107.1	596.69	1337.09	-	2944.2	-	-	-	-	-	10	-
HIV1.cut.id_AY560108.1	486.22	1064.28	-	2751.4	-	-	-	-	-	10	-
HIV1.cut.id_AY560109.1	100.36	2427.18	-	2946.27	-	-	-	-	-	10	-
HIV1.cut.id_AY560110.1	471.49	-	-	0.0	0.0	-	-	-	-	10	-
HIV1.cut.id_AY585264.1	406.41	707.85	-	5694.33	-	-	-	-	-	10	-
HIV1.cut.id_AY585265.1	-	1766.3	-	2421.65	-	-	-	-	-	10	-
HIV1.cut.id_AY585266.1	0.0	1167.43	-	4424.16	-	-	-	-	-	10	-
HIV1.cut.id_AY585267.1	1168.5	402.5	-	5557.45	-	-	-	-	-	10	-
HIV1.cut.id_AY585268.1	-	1113.67	-	3303.51	-	-	-	-	-	10	-
HIV1.cut.id_AY586540.1	0.0	1982.55	2029.66	2890.48	150.6	-	-	-	-	10	-
HIV1.cut.id_AY586541.1	3290.76	770.22	-	1443.25	0.0	-	-	-	-	10	-
HIV1.cut.id_AY586542.2	271.16	641.03	-	636.27	3317.54	-	-	-	-	10	-
HIV1.cut.id_AY586543.2	2265.33	1685.39	3053.44	2295.92	-	-	-	-	-	10	-
HIV1.cut.id_AY586544.2	3441.19	3311.26	1630.43	3429.39	-	-	-	-	-	10	-
HIV1.cut.id_AY586545.2	3360.59	852.27	-	3450.13	-	-	-	-	-	10	-
HIV1.cut.id_AY586546.1	1230.71	4394.43	4796.16	5393.26	-	-	-	-	-	10	-
HIV1.cut.id_AY586547.2	4605.41	1493.47	-	2498.3	185.53	-	-	-	-	10	-
HIV1.cut.id_AY586548.2	834.25	3631.47	-	4692.56	-	-	-	-	-	10	-
HIV1.cut.id_AY586549.2	1409.92	-	-	3695.15	-	-	-	-	-	10	-
HIV1.cut.id_AY588970.1	1369.08	789.31	1636.79	4132.23	59.7	-	-	-	-	10	-
HIV1.cut.id_AY588971.1	1637.72	2339.18	-	4012.78	0.0	-	-	-	-	10	-
HIV1.cut.id_AY612637.1	4977.21	29.81	-	2309.41	0.0	-	-	-	-	10	-
HIV1.cut.id_AY618998.1	1040.68	1572.04	-	2628.74	0.0	-	-	4405.5	-	10	-
HIV1.cut.id_AY623602.1	821.11	1571.34	1618.89	2365.7	31.42	-	-	-	-	10	-
HIV1.cut.id_AY682547.1	1537.22	-	-	2433.63	-	-	-	-	-	10	-
HIV1.cut.id_AY703908.1	1363.64	-	-	3178.32	0.0	-	-	-	-	10	-
HIV1.cut.id_AY703909.1	295.11	3784.3	2400.0	3464.76	0.0	-	-	-	-	10	-
HIV1.cut.id_AY703910.1	0.0	1865.49	-	2056.33	0.0	-	-	-	-	10	-
HIV1.cut.id_AY703911.1	711.79	0.0	88.65	1273.89	0.0	-	-	-	-	10	-
HIV1.cut.id_AY751406.1	706.91	-	-	-	-	-	-	-	-	10	-
HIV1.cut.id_AY751407.1	23.93	708.72	-	5067.57	-	-	-	-	-	10	-
HIV1.cut.id_AY771588.1	215.96	0.0	-	2186.67	569.8	-	-	-	-	10	-
HIV1.cut.id_AY771589.1	148.35	3434.56	-	5094.34	1231.53	-	-	-	-	10	-
HIV1.cut.id_AY771590.1	2678.26	225.23	-	2585.88	0.0	-	-	-	-	10	-
HIV1.cut.id_AY771591.1	39.26	1843.32	-	966.7	306.51	-	-	-	-	10	-
HIV1.cut.id_AY771592.1	13.07	2861.16	-	2738.75	183.82	-	-	-	-	10	-
HIV1.cut.id_AY771593.1	404.01	1283.81	-	2988.73	0.0	-	-	-	-	10	-
HIV1.cut.id_AY772535.1	866.0	-	-	4072.4	437.45	-	-	-	-	10	-
HIV1.cut.id_AY772690.1	2118.09	0.0	-	4607.18	-	-	-	-	-	10	-
HIV1.cut.id_AY772691.1	1026.49	1187.34	-	-	-	-	-	-	-	10	-
HIV1.cut.id_AY772692.1	1180.95	763.36	-	2053.71	-	-	-	-	-	10	-
HIV1.cut.id_AY772693.1	125.1	-	-	4553.48	-	-	-	-	-	10	-
HIV1.cut.id_AY772694.1	1154.48	3070.18	-	2833.83	1107.59	-	-	-	-	10	-
HIV1.cut.id_AY772695.1	549.18	0.0	-	2353.59	0.0	-	-	-	-	10	-
HIV1.cut.id_AY772696.1	881.68	0.0	90.25	5649.08	-	-	-	-	-	10	-
HIV1.cut.id_AY772698.1	202.87	0.0	1898.73	2290.08	0.0	-	-	-	-	10	-
HIV1.cut.id_AY772699.1	228.26	3960.4	-	6597.36	4095.9	-	-	-	-	10	-
HIV1.cut.id_AY772700.1	32.96	2254.9	-	3314.76	0.0	-	-	-	-	10	-
HIV1.cut.id_AY773338.1	5082.09	896.41	-	7891.86	-	-	-	-	-	10	-
HIV1.cut.id_AY773339.1	5092.59	-	90.09	11216.06	0.0	-	-	-	-	10	-
HIV1.cut.id_AY773340.1	0.0	2287.28	-	2215.06	0.0	-	-	-	-	10	-
HIV1.cut.id_AY773341.1	266.2	3081.04	679.76	1942.47	742.84	-	-	-	-	10	-
HIV1.cut.id_AY779550.1	1251.02	-	-	-	-	-	-	-	-	10	-
HIV1.cut.id_AY779551.1	370.37	1182.65	-	2204.03	-	-	-	-	-	10	-
HIV1.cut.id_AY779552.1	830.39	246.31	-	1178.78	-	-	-	-	-	10	-
HIV1.cut.id_AY779553.1	1635.42	-	-	-	-	-	-	-	-	10	-
HIV1.cut.id_AY779554.1	718.64	-	-	4195.8	-	-	4848.48	-	-	10	-
HIV1.cut.id_AY779555.1	3567.0	749.83	-	1992.03	-	-	-	-	-	10	-
HIV1.cut.id_AY779556.1	2451.79	-	-	3006.71	-	-	-	-	-	10	-
HIV1.cut.id_AY779557.1	3078.57	234.56	-	3964.76	-	-	-	-	-	10	-
HIV1.cut.id_AY779558.1	2797.81	-	-	1959.93	-	-	-	-	-	10	-
HIV1.cut.id_AY779559.1	2981.94	1281.19	-	2477.63	-	-	-	-	-	10	-
HIV1.cut.id_AY779560.1	5288.52	1699.46	-	1777.59	-	-	-	-	-	10	-
HIV1.cut.id_AY779561.1	2683.57	2506.96	-	-	3773.58	-	-	-	-	10	-
HIV1.cut.id_AY779562.1	1010.22	-	-	600.6	-	-	-	-	-	10	-
HIV1.cut.id_AY779563.1	916.91	1454.14	-	5492.68	-	-	-	-	-	10	-
HIV1.cut.id_AY779564.1	1401.78	-	-	4752.85	-	-	-	-	-	10	-
HIV1.cut.id_AY781125.1	2828.58	265.88	1814.65	6064.9	33.55	-	-	-	-	10	-
HIV1.cut.id_AY781126.1	1438.76	1570.86	-	3499.22	0.0	-	-	-	-	10	-
HIV1.cut.id_AY781127.1	453.72	-	-	2242.64	1457.57	-	-	-	-	10	-
HIV1.cut.id_AY781128.1	218.95	1273.53	-	4134.3	0.0	-	-	-	-	10	-
HIV1.cut.id_AY805330.1	2292.26	1693.81	-	3313.84	-	-	-	-	-	10	-
HIV1.cut.id_AY818641.1	-	-	-	2511.57	-	-	-	-	-	10	-
HIV1.cut.id_AY818642.1	-	3010.47	-	5920.28	-	-	-	-	-	10	-
HIV1.cut.id_AY818643.1	158.73	429.8	-	-	-	-	-	-	-	10	-
HIV1.cut.id_AY818644.1	357.68	2354.92	-	1561.6	-	-	-	-	-	10	-
HIV1.cut.id_AY819715.1	722.22	2609.43	-	4224.54	-	-	-	-	-	10	-
HIV1.cut.id_AY835748.1	6326.44	3597.12	-	-	-	-	-	-	-	10	-
HIV1.cut.id_AY835749.1	1183.7	5228.76	-	2192.56	-	-	-	-	-	10	-
HIV1.cut.id_AY835750.1	1281.69	-	-	-	-	-	-	-	-	10	-
HIV1.cut.id_AY835751.1	1179.55	3072.35	-	2505.22	-	-	-	-	-	10	-
HIV1.cut.id_AY835753.1	283.25	-	4026.22	1815.86	0.0	-	-	-	-	10	-
HIV1.cut.id_AY835754.1	66.6	-	-	6607.93	-	-	5000.0	-	-	10	-
HIV1.cut.id_AY835755.1	1763.79	-	4938.27	-	-	-	-	-	-	10	-
HIV1.cut.id_AY835756.1	1995.97	1017.64	-	4321.46	-	-	-	-	-	10	-
HIV1.cut.id_AY835757.1	2747.12	-	-	4817.93	-	-	-	-	-	10	-
HIV1.cut.id_AY835758.1	2963.47	-	-	763.36	-	-	-	-	-	10	-
HIV1.cut.id_AY835759.1	1121.5	-	-	3456.97	-	-	-	-	-	10	-
HIV1.cut.id_AY835760.1	0.0	-	-	4187.82	-	-	-	-	-	10	-
HIV1.cut.id_AY835761.1	62.33	-	-	-	-	-	-	-	-	10	-
HIV1.cut.id_AY835762.1	937.26	2686.57	-	4924.24	-	-	-	-	-	10	-
HIV1.cut.id_AY835763.1	3239.08	454.96	-	4137.63	4705.88	-	-	-	-	10	-
HIV1.cut.id_AY835764.1	2240.28	344.35	-	1181.88	-	-	-	-	-	10	-
HIV1.cut.id_AY835765.1	228.22	-	-	2427.92	-	-	-	-	-	10	-
HIV1.cut.id_AY835766.1	335.57	850.55	-	4570.79	-	-	-	-	-	10	-
HIV1.cut.id_AY835767.1	2083.33	458.3	3225.81	4407.18	-	-	-	-	-	10	-
HIV1.cut.id_AY835769.1	0.0	-	0.0	6360.73	-	-	-	-	-	10	-
HIV1.cut.id_AY835770.1	2573.08	-	-	2862.51	-	-	-	-	-	10	-
HIV1.cut.id_AY835771.1	877.96	-	-	3731.34	-	-	-	-	-	10	-
HIV1.cut.id_AY835772.1	19.32	104.93	-	6051.34	-	-	-	-	-	10	-
HIV1.cut.id_AY835773.1	0.0	495.87	-	2448.98	-	-	-	-	-	10	-
HIV1.cut.id_AY835774.1	679.06	-	-	4651.16	-	-	-	-	-	10	-
HIV1.cut.id_AY835775.1	921.38	-	-	4641.35	-	-	-	-	-	10	-
HIV1.cut.id_AY835776.1	1564.09	2923.47	-	762.67	-	-	-	-	-	10	-
HIV1.cut.id_AY835777.1	0.0	3913.04	3205.13	-	3448.28	-	-	-	-	10	-
HIV1.cut.id_AY835778.1	347.74	4672.9	-	6608.7	-	-	-	-	-	10	-
HIV1.cut.id_AY835779.1	1881.45	-	-	6510.61	-	-	-	-	-	10	-
HIV1.cut.id_AY835780.1	788.64	-	-	-	-	-	-	-	-	10	-
HIV1.cut.id_AY835781.1	2645.05	-	-	3278.69	-	-	-	-	-	10	-
HIV1.cut.id_AY838565.1	2606.88	-	-	5055.04	-	-	-	-	-	10	-
HIV1.cut.id_AY838566.1	2288.45	-	1199.04	1659.42	-	-	-	-	-	10	-
HIV1.cut.id_AY838567.1	2456.84	358.68	439.17	-	-	-	-	-	-	10	-
HIV1.cut.id_AY838568.1	574.65	-	0.0	-	0.0	-	-	-	-	10	-
HIV1.cut.id_AY878054.1	572.44	2314.63	-	1926.23	-	-	-	-	-	10	-
HIV1.cut.id_AY878055.1	675.33	-	-	454.2	-	-	-	-	-	10	-
HIV1.cut.id_AY878056.1	584.09	739.9	-	18177.34	2158.89	-	-	-	-	10	-
HIV1.cut.id_AY878057.1	73.87	0.0	-	2038.43	0.0	-	-	-	-	10	-
HIV1.cut.id_AY878058.1	2032.03	1167.32	-	1668.58	0.0	-	-	-	-	10	-
HIV1.cut.id_AY878059.1	4067.32	862.81	-	3555.47	-	-	-	-	-	10	-
HIV1.cut.id_AY878060.1	205.43	-	-	3361.34	-	-	-	-	-	10	-
HIV1.cut.id_AY878061.1	477.41	1511.34	-	3743.64	-	-	-	-	-	10	-
HIV1.cut.id_AY878062.1	1059.76	0.0	-	2676.73	-	-	-	-	-	10	-
HIV1.cut.id_AY878063.1	386.63	-	-	2836.61	-	-	-	-	-	10	-
HIV1.cut.id_AY878064.1	98.55	4071.15	-	2319.95	-	-	-	-	-	10	-
HIV1.cut.id_AY878065.1	1792.03	4647.16	-	4489.25	-	-	-	-	-	10	-
HIV1.cut.id_AY878066.1	1534.44	2134.04	0.0	2740.45	0.0	-	-	-	-	10	-
HIV1.cut.id_AY878067.1	1799.33	-	-	3406.08	-	-	-	-	-	10	-
HIV1.cut.id_AY878068.1	2160.07	2763.7	-	4552.93	4282.12	-	-	-	-	10	-
HIV1.cut.id_AY878070.1	0.0	3186.14	269.06	314.32	3182.26	-	-	-	-	10	-
HIV1.cut.id_AY878071.1	2923.53	740.74	0.0	1600.53	0.0	-	-	-	-	10	-
HIV1.cut.id_AY878072.1	665.16	2661.87	2777.78	-	-	-	-	-	-	10	-
HIV1.cut.id_AY882421.1	1840.21	0.0	-	2906.65	-	-	-	-	-	10	-
HIV1.cut.id_AY900571.2	2357.38	-	-	2300.41	-	-	-	-	-	10	-
HIV1.cut.id_AY900572.2	8820.57	3273.04	745.65	2904.46	0.0	-	-	-	-	10	-
HIV1.cut.id_AY900574.2	526.32	-	-	5449.23	-	-	-	-	-	10	-
HIV1.cut.id_AY900575.2	1762.11	2186.88	-	8412.24	-	-	-	-	-	10	-
HIV1.cut.id_AY900576.2	7745.93	2845.53	3768.62	2832.47	0.0	-	-	-	-	10	-
HIV1.cut.id_AY901965.1	2726.43	3007.52	-	2921.56	0.0	-	-	-	-	10	-
HIV1.cut.id_AY901966.1	179.64	845.07	-	2514.75	-	-	-	-	-	10	-
HIV1.cut.id_AY901967.1	811.63	2192.18	-	3720.53	0.0	-	-	-	-	10	-
HIV1.cut.id_AY901968.1	2997.74	3413.4	-	2052.4	80.26	-	-	-	-	10	-
HIV1.cut.id_AY901969.1	1467.24	3036.88	-	1320.57	-	-	-	-	-	10	-
HIV1.cut.id_AY901970.1	573.26	-	-	3277.01	-	-	-	-	-	10	-
HIV1.cut.id_AY901971.1	1206.01	1339.64	-	2343.02	-	-	-	-	-	10	-
HIV1.cut.id_AY901972.1	783.7	617.83	-	2066.23	-	-	-	-	-	10	-
HIV1.cut.id_AY901973.1	47.12	-	-	2486.64	0.0	-	-	-	-	10	-
HIV1.cut.id_AY901974.1	1526.63	3458.33	-	3182.7	-	-	-	-	-	10	-
HIV1.cut.id_AY901975.1	1917.23	850.85	-	4201.16	-	-	-	-	-	10	-
HIV1.cut.id_AY901976.1	307.65	1716.3	-	1390.31	0.0	-	-	-	-	10	-
HIV1.cut.id_AY901977.1	479.45	377.0	-	2384.29	132.8	-	-	-	-	10	-
HIV1.cut.id_AY901978.1	499.45	1546.39	-	-	-	-	-	-	-	10	-
HIV1.cut.id_AY901979.1	599.74	365.26	-	3299.34	-	-	-	-	-	10	-
HIV1.cut.id_AY901980.1	0.0	353.54	-	3102.31	238.28	-	-	-	-	10	-
HIV1.cut.id_AY901981.1	66.57	2006.38	-	4628.13	0.0	-	-	-	-	10	-
HIV1.cut.id_AY945709.1	262.25	363.34	0.0	5102.46	0.0	-	-	-	-	10	-
HIV1.cut.id_AY968312.1	133.05	0.0	-	0.0	609.29	-	-	-	-	10	-
HIV1.cut.id_AY970946.1	405.36	0.0	-	3985.06	-	-	-	-	-	10	-
HIV1.cut.id_AY970947.1	339.67	2158.27	-	-	-	-	-	-	-	10	-
HIV1.cut.id_AY970948.1	1630.29	-	-	1614.43	-	-	-	-	-	10	-
HIV1.cut.id_AY970949.1	393.18	0.0	-	798.26	-	-	-	-	-	10	-
HIV1.cut.id_AY970950.1	999.85	0.0	-	2565.91	-	-	-	-	-	10	-
HIV1.cut.id_D10112.1	132.98	-	-	2372.75	0.0	-	-	-	-	10	-
HIV1.cut.id_D86068.1	-	-	-	901.31	-	-	-	-	-	10	-
HIV1.cut.id_D86069.1	1108.52	-	-	-	-	-	-	-	-	10	-
HIV1.cut.id_DD409979.1	2105.97	2740.98	-	2046.13	-	-	-	-	-	10	-
HIV1.cut.id_DQ007901.1	916.38	4291.42	-	3614.09	-	-	-	-	-	10	-
HIV1.cut.id_DQ007902.1	580.27	2502.27	-	1900.45	-	-	-	-	-	10	-
HIV1.cut.id_DQ007903.1	1063.05	4310.34	-	1492.54	-	-	-	-	-	10	-
HIV1.cut.id_DQ011165.1	69.57	1974.93	-	3727.47	-	-	-	-	-	10	-
HIV1.cut.id_DQ011166.1	0.0	665.1	-	2525.48	-	-	-	-	-	10	-
HIV1.cut.id_DQ011167.1	0.0	1320.84	-	2966.1	-	-	-	-	-	10	-
HIV1.cut.id_DQ011168.1	845.36	1833.78	-	-	-	-	-	-	-	10	-
HIV1.cut.id_DQ011169.1	46.61	-	-	5780.35	-	-	-	-	-	10	-
HIV1.cut.id_DQ011170.1	272.38	4355.11	-	5119.24	0.0	-	-	-	-	10	-
HIV1.cut.id_DQ011171.1	22.14	341.01	-	2941.18	-	-	-	-	-	10	-
HIV1.cut.id_DQ011172.1	3305.79	149.14	-	1305.48	0.0	-	-	-	-	10	-
HIV1.cut.id_DQ011173.1	1648.73	-	-	2068.25	-	-	-	-	-	10	-
HIV1.cut.id_DQ011174.1	182.48	996.13	-	2567.76	-	-	-	-	-	10	-
HIV1.cut.id_DQ011175.1	681.54	3341.58	-	2775.75	0.0	-	-	-	-	10	-
HIV1.cut.id_DQ011176.1	1519.46	3178.12	0.0	8835.34	0.0	-	-	-	-	10	-
HIV1.cut.id_DQ011177.1	464.71	2317.6	-	2822.15	0.0	-	-	-	-	10	-
HIV1.cut.id_DQ011178.1	0.0	2415.05	-	2078.63	0.0	-	-	-	-	10	-
HIV1.cut.id_DQ011179.1	0.0	-	-	4936.26	-	-	-	-	-	10	-
HIV1.cut.id_DQ011180.1	0.0	0.0	-	2729.04	-	-	-	-	-	10	-
HIV1.cut.id_DQ017382.1	894.05	2983.73	-	2110.58	1098.9	-	-	-	-	10	-
HIV1.cut.id_DQ017383.1	7558.63	1317.41	308.64	1310.89	274.35	-	-	-	-	10	-
HIV1.cut.id_DQ020274.2	2852.64	4822.34	-	3348.29	-	-	-	-	-	10	-
HIV1.cut.id_DQ054367.2	3039.38	2863.89	-	2685.9	117.51	-	-	-	-	10	-
HIV1.cut.id_DQ056404.1	1920.11	2553.83	-	2322.68	-	-	-	-	-	10	-
HIV1.cut.id_DQ056405.1	221.21	0.0	-	1634.16	0.0	-	-	-	-	10	-
HIV1.cut.id_DQ056406.1	861.7	-	-	3682.01	-	-	-	-	-	10	-
HIV1.cut.id_DQ056407.1	0.0	2799.38	-	4245.57	0.0	-	-	-	-	10	-
HIV1.cut.id_DQ056408.1	3104.24	619.83	-	2773.86	0.0	-	-	-	-	10	-
HIV1.cut.id_DQ056409.1	113.64	525.28	-	6612.96	4109.59	-	-	-	-	10	-
HIV1.cut.id_DQ056410.1	189.12	0.0	-	5543.91	-	-	-	-	-	10	-
HIV1.cut.id_DQ056411.1	2081.03	1427.89	-	3882.83	66.4	-	-	-	-	10	-
HIV1.cut.id_DQ056412.1	0.0	-	-	559.11	-	-	-	4379.56	-	10	-
HIV1.cut.id_DQ056413.1	0.0	0.0	-	2719.56	-	-	-	-	-	10	-
HIV1.cut.id_DQ056414.1	2617.74	3360.77	-	3230.44	-	-	-	-	-	10	-
HIV1.cut.id_DQ056415.1	1650.53	2832.51	-	4187.26	-	-	-	-	-	10	-
HIV1.cut.id_DQ056416.1	288.93	-	-	-	-	-	-	-	-	10	-
HIV1.cut.id_DQ056417.1	48.21	342.47	-	2261.01	0.0	-	-	-	-	10	-
HIV1.cut.id_DQ056418.1	1568.23	1358.34	-	2082.47	137.93	-	-	-	-	10	-
HIV1.cut.id_DQ083238.1	526.38	2078.52	-	365.07	0.0	-	-	-	-	10	-
HIV1.cut.id_DQ085867.1	3266.73	755.03	-	2134.15	-	-	-	-	-	10	-
HIV1.cut.id_DQ085869.1	1725.63	1730.53	-	2850.63	-	-	-	-	-	10	-
HIV1.cut.id_DQ085870.1	1646.09	282.89	-	2755.14	-	-	-	-	-	10	-
HIV1.cut.id_DQ085871.1	1943.49	0.0	-	3779.19	981.35	-	-	-	-	10	-
HIV1.cut.id_DQ085872.1	101.1	639.2	-	4498.2	149.03	-	-	-	-	10	-
HIV1.cut.id_DQ085873.1	1215.4	4605.26	-	4606.69	-	-	-	-	-	10	-
HIV1.cut.id_DQ085874.1	830.65	1704.11	-	4046.24	-	-	-	-	-	10	-
HIV1.cut.id_DQ085875.1	23.96	312.83	-	2171.07	1141.47	-	-	-	-	10	-
HIV1.cut.id_DQ085876.1	512.31	2767.92	0.0	910.6	-	-	-	-	-	10	-
HIV1.cut.id_DQ093585.1	3480.65	1959.0	-	6323.19	454.55	-	-	-	-	10	-
HIV1.cut.id_DQ093586.1	1184.09	3037.12	-	3075.98	0.0	-	-	-	-	10	-
HIV1.cut.id_DQ093587.1	237.78	1140.99	3296.7	2616.89	0.0	-	-	-	-	10	-
HIV1.cut.id_DQ093588.1	714.99	3432.14	-	2728.23	-	-	-	-	-	10	-
HIV1.cut.id_DQ093589.1	199.18	333.81	-	4354.9	0.0	-	-	-	-	10	-
HIV1.cut.id_DQ093590.1	1694.92	3225.81	-	4309.5	-	-	-	-	-	10	-
HIV1.cut.id_DQ093591.1	0.0	1479.29	-	1450.8	0.0	-	-	-	-	10	-
HIV1.cut.id_DQ093592.1	1070.66	491.6	-	2986.4	-	-	-	-	-	10	-
HIV1.cut.id_DQ093593.1	1689.66	0.0	0.0	2342.92	0.0	-	-	-	-	10	-
HIV1.cut.id_DQ093594.1	689.96	4545.45	3563.47	4804.8	359.39	-	-	-	-	10	-
HIV1.cut.id_DQ093595.1	11.21	2166.71	-	925.55	142.49	-	-	-	-	10	-
HIV1.cut.id_DQ093596.1	3694.98	841.75	-	3533.03	-	-	-	-	-	10	-
HIV1.cut.id_DQ093597.1	1670.17	407.41	-	4815.71	-	-	-	-	-	10	-
HIV1.cut.id_DQ093598.1	155.76	1347.19	-	4351.61	-	-	-	-	-	10	-
HIV1.cut.id_DQ093599.1	0.0	4693.49	-	3474.9	-	-	-	-	-	10	-
HIV1.cut.id_DQ093600.1	446.29	1311.19	-	988.88	-	-	-	-	-	10	-
HIV1.cut.id_DQ093601.1	526.1	3788.9	-	2730.22	-	-	-	-	-	10	-
HIV1.cut.id_DQ093602.1	539.71	280.11	-	0.0	0.0	-	-	-	-	10	-
HIV1.cut.id_DQ093603.1	1168.03	3979.24	-	2439.65	107.24	-	-	-	-	10	-
HIV1.cut.id_DQ093604.1	1056.3	431.03	-	3066.04	-	-	-	-	-	10	-
HIV1.cut.id_DQ093605.1	0.0	1932.83	-	2315.79	0.0	-	-	-	-	10	-
HIV1.cut.id_DQ093606.1	631.98	973.43	391.72	3918.92	0.0	-	-	-	-	10	-
HIV1.cut.id_DQ093607.1	2718.47	-	-	4128.14	-	-	-	-	-	10	-
HIV1.cut.id_DQ164104.1	0.0	0.0	-	4848.71	-	-	-	-	-	10	-
HIV1.cut.id_DQ164105.1	492.55	4580.15	-	2468.33	-	-	-	-	-	10	-
HIV1.cut.id_DQ164106.1	575.19	-	-	4198.47	1594.33	-	-	-	-	10	-
HIV1.cut.id_DQ164107.1	2042.72	-	3472.22	566.57	-	-	-	-	-	10	-
HIV1.cut.id_DQ164108.1	2228.16	3267.7	-	2964.21	-	-	-	-	-	10	-
HIV1.cut.id_DQ164109.1	120.45	4713.8	-	4742.27	426.99	-	-	-	-	10	-
HIV1.cut.id_DQ164110.1	2928.87	1873.54	-	1239.28	-	-	-	-	-	10	-
HIV1.cut.id_DQ164111.1	2162.68	2033.04	-	3767.82	-	-	-	-	-	10	-
HIV1.cut.id_DQ164112.1	0.0	1117.32	-	3935.74	-	-	-	-	-	10	-
HIV1.cut.id_DQ164113.1	807.0	-	-	3734.02	-	-	-	-	-	10	-
HIV1.cut.id_DQ164114.1	461.76	4765.4	-	2521.49	1177.39	-	-	-	-	10	-
HIV1.cut.id_DQ164115.1	1358.99	1479.45	-	2656.2	-	-	-	-	-	10	-
HIV1.cut.id_DQ164116.1	752.63	1699.03	-	1273.34	-	-	-	-	-	10	-
HIV1.cut.id_DQ164117.1	1363.93	452.08	4364.47	1974.56	0.0	-	-	-	-	10	-
HIV1.cut.id_DQ164118.1	0.0	8620.69	-	4548.64	-	-	-	-	-	10	-
HIV1.cut.id_DQ164119.1	702.21	-	-	2350.81	-	-	-	-	-	10	-
HIV1.cut.id_DQ164120.1	995.43	4881.1	-	1025.64	0.0	-	-	-	-	10	-
HIV1.cut.id_DQ164121.1	320.9	3833.33	-	6925.21	0.0	-	-	-	-	10	-
HIV1.cut.id_DQ164122.1	591.87	2935.42	-	4303.8	-	-	-	-	-	10	-
HIV1.cut.id_DQ164123.1	246.94	0.0	3883.5	8809.33	0.0	-	-	-	-	10	-
HIV1.cut.id_DQ164124.1	2756.25	1143.79	1769.91	234.15	116.85	-	-	-	-	10	-
HIV1.cut.id_DQ164125.1	0.0	599.28	1148.07	5199.85	892.72	-	-	-	-	10	-
HIV1.cut.id_DQ164126.1	71.81	1932.86	-	1485.01	0.0	-	-	-	-	10	-
HIV1.cut.id_DQ164127.1	847.14	-	-	-	-	-	-	-	-	10	-
HIV1.cut.id_DQ164128.1	0.0	2079.45	1221.23	6707.72	0.0	-	-	-	-	10	-
HIV1.cut.id_DQ164129.1	0.0	709.85	-	9661.72	-	-	-	-	-	10	-
HIV1.cut.id_DQ207942.1	0.0	0.0	1539.78	1588.7	0.0	-	-	-	-	10	-
HIV1.cut.id_DQ207943.1	1217.63	-	-	2944.71	-	-	-	-	-	10	-
HIV1.cut.id_DQ230841.1	1983.15	-	-	2119.03	-	-	-	-	-	10	-
HIV1.cut.id_DQ234790.1	1399.61	93.2	542.01	1986.49	0.0	-	-	-	-	10	-
HIV1.cut.id_DQ295192.1	228.71	3561.05	-	-	-	-	-	-	-	10	-
HIV1.cut.id_DQ295193.1	1909.45	-	-	4040.4	-	-	-	-	-	10	-
HIV1.cut.id_DQ295194.1	566.97	287.36	-	3654.32	469.12	-	-	-	-	10	-
HIV1.cut.id_DQ295195.2	7168.78	4157.04	-	3421.2	-	-	-	-	-	10	-
HIV1.cut.id_DQ295196.3	0.0	3819.44	-	5707.76	-	-	-	-	-	10	-
HIV1.cut.id_DQ314731.1	1468.32	3621.73	-	4761.9	-	-	-	-	-	10	-
HIV1.cut.id_DQ314732.1	3277.79	4511.28	-	2201.26	-	-	-	-	-	10	-
HIV1.cut.id_DQ322239.1	0.0	0.0	0.0	1660.33	0.0	-	-	-	-	10	-
HIV1.cut.id_DQ351216.1	572.61	0.0	-	1362.68	-	-	-	-	-	10	-
HIV1.cut.id_DQ351217.1	562.11	1338.43	-	4056.7	4430.38	-	-	-	-	10	-
HIV1.cut.id_DQ351218.1	472.28	168.63	-	6041.67	615.66	-	-	-	-	10	-
HIV1.cut.id_DQ351219.1	2149.94	-	-	4924.24	-	-	-	-	-	10	-
HIV1.cut.id_DQ351220.1	37.76	-	-	5559.47	-	-	-	-	-	10	-
HIV1.cut.id_DQ351221.1	4609.77	0.0	-	0.0	1964.4	-	-	-	-	10	-
HIV1.cut.id_DQ351222.1	409.56	932.9	-	1267.54	-	-	-	-	-	10	-
HIV1.cut.id_DQ351223.1	0.0	-	-	1050.53	0.0	-	-	-	-	10	-
HIV1.cut.id_DQ351224.1	1977.15	2444.32	-	3029.29	-	-	-	-	-	10	-
HIV1.cut.id_DQ351225.1	151.95	-	-	2812.19	-	-	-	-	-	10	-
HIV1.cut.id_DQ351226.1	905.9	-	-	5167.6	675.68	-	-	-	-	10	-
HIV1.cut.id_DQ351227.1	1286.37	-	-	1750.29	-	-	-	-	-	10	-
HIV1.cut.id_DQ351228.1	0.0	92.42	-	2231.04	-	-	-	-	-	10	-
HIV1.cut.id_DQ351229.1	0.0	1271.91	-	2105.26	-	-	-	-	-	10	-
HIV1.cut.id_DQ351230.1	2656.13	1165.23	-	1633.84	0.0	-	-	-	-	10	-
HIV1.cut.id_DQ351231.1	3412.1	831.02	-	8767.58	-	-	-	-	-	10	-
HIV1.cut.id_DQ351232.1	238.07	0.0	-	3269.45	245.94	-	-	-	-	10	-
HIV1.cut.id_DQ351233.1	728.29	1358.23	-	2580.65	0.0	-	-	-	-	10	-
HIV1.cut.id_DQ351234.1	2910.26	411.52	4646.02	2419.98	0.0	-	-	-	-	10	-
HIV1.cut.id_DQ351235.1	0.0	3524.59	-	4823.75	-	-	-	-	-	10	-
HIV1.cut.id_DQ351236.1	0.0	0.0	-	3164.56	-	-	-	-	-	10	-
HIV1.cut.id_DQ351237.1	862.74	85.25	2003.82	1987.28	-	-	-	-	-	10	-
HIV1.cut.id_DQ351238.1	698.81	1979.81	-	767.75	0.0	-	-	-	-	10	-
HIV1.cut.id_DQ354116.1	3272.01	2492.67	-	1607.45	0.0	-	-	-	-	10	-
HIV1.cut.id_DQ354118.1	1110.64	3316.95	-	3119.03	-	-	-	-	-	10	-
HIV1.cut.id_DQ354123.1	719.25	3618.42	-	5854.96	-	-	-	-	-	10	-
HIV1.cut.id_DQ358799.1	1498.71	0.0	0.0	6200.11	958.56	-	-	-	-	10	-
HIV1.cut.id_DQ358800.1	1573.49	518.52	-	4661.7	2525.25	-	-	-	-	10	-
HIV1.cut.id_DQ358801.1	2576.06	152.95	0.0	3390.6	252.95	-	-	-	-	10	-
HIV1.cut.id_DQ358802.1	4596.41	2816.9	-	4028.56	0.0	-	-	-	-	10	-
HIV1.cut.id_DQ358803.1	2474.2	1115.54	-	1580.35	143.68	-	-	-	-	10	-
HIV1.cut.id_DQ358804.1	2230.69	272.29	-	2960.35	0.0	-	-	-	-	10	-
HIV1.cut.id_DQ358805.1	0.0	3026.63	-	3030.3	-	-	-	-	-	10	-
HIV1.cut.id_DQ358806.1	0.0	817.16	-	4236.54	-	-	-	-	-	10	-
HIV1.cut.id_DQ358807.1	394.09	1453.41	-	4309.56	0.0	-	-	-	-	10	-
HIV1.cut.id_DQ358808.1	1453.03	-	0.0	2618.82	-	-	-	-	-	10	-
HIV1.cut.id_DQ358809.1	1879.29	-	-	2855.2	2426.47	-	-	-	-	10	-
HIV1.cut.id_DQ358810.1	840.63	567.38	-	3549.0	-	-	-	-	-	10	-
HIV1.cut.id_DQ358811.1	682.37	3725.49	-	1185.77	-	-	-	-	-	10	-
HIV1.cut.id_DQ358812.1	1000.99	462.96	1515.15	972.52	0.0	-	-	-	-	10	-
HIV1.cut.id_DQ366659.1	2303.98	0.0	-	876.42	-	-	-	3759.4	-	10	-
HIV1.cut.id_DQ366660.1	3783.17	-	-	2851.89	-	-	-	-	-	10	-
HIV1.cut.id_DQ366661.1	953.01	-	4237.29	3075.23	-	-	-	-	-	10	-
HIV1.cut.id_DQ366662.1	344.53	985.22	1700.46	2226.52	67.07	-	-	-	-	10	-
HIV1.cut.id_DQ366663.1	2792.55	-	-	4347.83	-	-	-	-	-	10	-
HIV1.cut.id_DQ366664.1	277.78	4887.71	-	-	-	-	-	-	-	10	-
HIV1.cut.id_DQ366665.1	446.8	163.27	-	3695.81	-	-	-	-	-	10	-
HIV1.cut.id_DQ366666.1	90.77	-	-	1898.73	-	-	-	-	-	10	-
HIV1.cut.id_DQ369976.1	694.2	-	-	271.0	0.0	-	-	-	-	10	-
HIV1.cut.id_DQ369977.1	555.56	2183.04	-	4237.29	0.0	-	-	-	-	10	-
HIV1.cut.id_DQ369978.1	1398.26	546.95	-	1488.22	-	-	-	-	-	10	-
HIV1.cut.id_DQ369979.1	2794.96	-	-	3480.64	-	-	-	-	-	10	-
HIV1.cut.id_DQ369980.1	816.15	3710.58	0.0	2383.15	-	-	-	-	-	10	-
HIV1.cut.id_DQ369981.1	1003.2	2191.52	-	3881.86	-	-	-	-	-	10	-
HIV1.cut.id_DQ369982.1	2969.97	2348.42	4400.0	1646.49	964.63	-	-	-	-	10	-
HIV1.cut.id_DQ369983.1	67.54	293.04	-	4986.57	-	-	-	-	-	10	-
HIV1.cut.id_DQ369984.1	11.58	227.4	-	2352.53	0.0	-	-	-	-	10	-
HIV1.cut.id_DQ369985.1	3007.52	2108.43	-	3451.18	-	-	-	-	-	10	-
HIV1.cut.id_DQ369986.1	375.23	1293.76	-	4804.27	842.8	-	-	-	-	10	-
HIV1.cut.id_DQ369987.1	746.9	886.38	-	4884.23	-	-	-	-	-	10	-
HIV1.cut.id_DQ369988.1	325.6	4038.18	-	2626.73	-	-	-	-	-	10	-
HIV1.cut.id_DQ369989.1	0.0	1382.24	-	3104.21	-	-	-	-	-	10	-
HIV1.cut.id_DQ369990.1	439.72	0.0	-	5811.35	0.0	-	-	-	-	10	-
HIV1.cut.id_DQ369991.1	1314.92	930.46	-	5597.12	1123.6	-	-	-	-	10	-
HIV1.cut.id_DQ369992.1	497.04	-	-	2781.84	3064.52	-	-	-	-	10	-
HIV1.cut.id_DQ369993.1	175.03	3368.42	-	5408.39	-	-	-	-	-	10	-
HIV1.cut.id_DQ369994.1	1893.5	2455.95	-	2937.42	0.0	-	-	-	-	10	-
HIV1.cut.id_DQ369995.1	1377.82	2040.82	-	2552.93	-	-	-	-	-	10	-
HIV1.cut.id_DQ369996.1	583.31	4039.41	-	1108.37	-	-	-	-	-	10	-
HIV1.cut.id_DQ369997.1	294.23	509.34	-	2013.91	4225.35	-	-	-	-	10	-
HIV1.cut.id_DQ369998.1	510.15	2886.71	0.0	2152.99	0.0	-	-	-	-	10	-
HIV1.cut.id_DQ383746.1	0.0	154.8	-	338.49	0.0	-	-	-	-	10	-
HIV1.cut.id_DQ383750.1	616.86	-	-	6348.61	-	-	-	-	-	10	-
HIV1.cut.id_DQ396364.1	3043.67	0.0	-	4897.96	-	-	-	-	-	10	-
HIV1.cut.id_DQ396365.1	595.9	0.0	-	3760.51	-	-	-	-	-	10	-
HIV1.cut.id_DQ396366.1	896.12	2400.74	-	7352.94	-	-	-	-	-	10	-
HIV1.cut.id_DQ396367.1	549.0	3545.05	-	1944.05	433.24	-	-	-	-	10	-
HIV1.cut.id_DQ396368.1	0.0	-	-	1559.79	-	-	-	-	-	10	-
HIV1.cut.id_DQ396369.1	926.74	980.39	-	4161.71	0.0	-	-	-	-	10	-
HIV1.cut.id_DQ396370.1	1561.07	0.0	-	1478.6	-	-	-	-	-	10	-
HIV1.cut.id_DQ396371.1	445.0	-	-	2739.73	-	-	-	-	-	10	-
HIV1.cut.id_DQ396372.1	80.08	2371.54	-	3326.85	-	-	-	-	-	10	-
HIV1.cut.id_DQ396373.1	320.25	1624.29	-	2577.66	0.0	-	-	-	-	10	-
HIV1.cut.id_DQ396374.1	383.59	1063.83	-	3931.62	-	-	-	-	-	10	-
HIV1.cut.id_DQ396375.1	1504.67	-	-	4332.55	0.0	-	4895.1	4201.68	-	10	-
HIV1.cut.id_DQ396376.1	192.04	80.03	-	2266.67	-	-	-	-	-	10	-
HIV1.cut.id_DQ396377.1	460.46	2951.51	-	1508.92	-	-	-	-	-	10	-
HIV1.cut.id_DQ396378.1	640.39	-	-	-	-	-	-	-	-	10	-
HIV1.cut.id_DQ396380.1	84.52	-	-	2873.06	0.0	-	-	-	-	10	-
HIV1.cut.id_DQ396381.1	2410.71	-	-	3293.08	0.0	-	-	-	-	10	-
HIV1.cut.id_DQ396382.1	740.74	0.0	-	3396.11	271.74	-	-	-	-	10	-
HIV1.cut.id_DQ396383.1	2505.08	3866.13	-	1275.76	-	-	-	-	-	10	-
HIV1.cut.id_DQ396384.1	1119.53	-	-	2861.95	-	-	-	-	-	10	-
HIV1.cut.id_DQ396385.1	483.45	3872.97	-	4175.22	-	-	-	-	-	10	-
HIV1.cut.id_DQ396386.1	0.0	1489.28	-	4347.83	0.0	-	-	-	-	10	-
HIV1.cut.id_DQ396387.1	1650.89	341.69	4205.61	2323.94	-	-	-	-	-	10	-
HIV1.cut.id_DQ396388.1	108.78	3308.09	-	3653.85	-	-	-	-	-	10	-
HIV1.cut.id_DQ396389.1	1832.84	1195.76	-	1964.41	0.0	-	-	-	-	10	-
HIV1.cut.id_DQ396390.1	939.54	0.0	-	2486.87	0.0	-	-	-	-	10	-
HIV1.cut.id_DQ396391.1	1282.76	1613.77	-	4692.18	-	-	-	-	-	10	-
HIV1.cut.id_DQ396392.1	597.41	5331.11	-	2377.05	-	-	-	-	-	10	-
HIV1.cut.id_DQ396393.1	3547.67	1315.4	-	2524.87	-	-	-	-	-	10	-
HIV1.cut.id_DQ396394.1	0.0	4938.27	-	2477.37	1662.71	-	-	-	-	10	-
HIV1.cut.id_DQ396395.1	0.0	5737.7	-	335.15	89.33	-	-	-	-	10	-
HIV1.cut.id_DQ396396.1	924.8	2669.04	1720.18	4368.55	0.0	-	-	-	-	10	-
HIV1.cut.id_DQ396397.1	804.8	661.67	-	4107.14	-	-	-	-	-	10	-
HIV1.cut.id_DQ396398.1	629.21	-	-	1289.08	27.4	-	-	-	-	10	-
HIV1.cut.id_DQ396399.1	472.48	0.0	-	3467.28	0.0	-	-	-	-	10	-
HIV1.cut.id_DQ396400.1	450.1	566.11	-	1373.78	0.0	-	-	-	-	10	-
HIV1.cut.id_DQ400856.1	1091.15	-	1934.24	2015.41	-	-	-	-	-	10	-
HIV1.cut.id_DQ445631.1	2201.42	-	-	6098.19	0.0	-	-	-	-	10	-
HIV1.cut.id_DQ445632.1	0.0	1539.54	-	1825.29	0.0	-	-	-	-	10	-
HIV1.cut.id_DQ445633.1	42.61	0.0	-	922.07	0.0	-	-	-	-	10	-
HIV1.cut.id_DQ445634.1	1911.57	2819.11	-	2985.65	-	-	-	-	-	10	-
HIV1.cut.id_DQ445635.1	1390.06	4794.95	-	2758.86	-	-	-	-	-	10	-
HIV1.cut.id_DQ445636.1	700.44	-	-	4081.63	1628.66	-	-	-	-	10	-
HIV1.cut.id_DQ445637.1	67.24	-	-	2845.53	0.0	-	-	-	-	10	-
HIV1.cut.id_DQ487188.1	695.03	-	-	12225.71	-	-	-	-	-	10	-
HIV1.cut.id_DQ487189.1	510.62	-	-	3796.56	-	-	-	-	-	10	-
HIV1.cut.id_DQ487190.1	71.68	1919.87	-	2510.72	-	-	-	-	-	10	-
HIV1.cut.id_DQ487191.1	1859.02	-	-	2675.79	-	-	-	-	-	10	-
HIV1.cut.id_DQ676870.1	0.0	4784.69	-	-	-	-	-	-	-	10	-
HIV1.cut.id_DQ676871.1	1914.19	-	-	-	-	-	-	-	-	10	-
HIV1.cut.id_DQ676872.1	2177.33	455.01	-	7007.05	0.0	-	-	-	-	10	-
HIV1.cut.id_DQ676873.1	63.28	-	-	2842.64	-	-	-	-	-	10	-
HIV1.cut.id_DQ676874.1	624.42	417.01	0.0	5799.37	123.86	-	-	-	-	10	-
HIV1.cut.id_DQ676875.1	2221.91	3543.31	-	1867.94	-	-	-	-	-	10	-
HIV1.cut.id_DQ676876.1	0.0	54.0	-	14124.67	-	-	-	-	-	10	-
HIV1.cut.id_DQ676877.1	162.98	149.03	1590.71	2359.35	70.08	-	-	-	-	10	-
HIV1.cut.id_DQ676878.1	1331.72	-	-	-	2612.39	-	-	-	-	10	-
HIV1.cut.id_DQ676879.1	1061.95	-	-	4460.43	-	-	-	-	-	10	-
HIV1.cut.id_DQ676880.1	812.23	2175.6	-	5127.4	42.64	-	-	-	-	10	-
HIV1.cut.id_DQ676881.1	131.1	-	-	1863.35	-	-	-	-	-	10	-
HIV1.cut.id_DQ676882.1	494.23	1488.98	-	-	-	-	-	-	-	10	-
HIV1.cut.id_DQ676883.1	1314.97	-	-	-	-	-	-	-	-	10	-
HIV1.cut.id_DQ676884.1	2154.31	3011.42	-	-	1136.36	-	-	-	-	10	-
HIV1.cut.id_DQ676885.1	-	813.01	-	-	-	-	-	-	-	10	-
HIV1.cut.id_DQ676886.1	444.74	0.0	-	2756.09	-	-	-	-	-	10	-
HIV1.cut.id_DQ676887.1	1723.51	-	-	112.23	-	-	-	-	-	10	-
HIV1.cut.id_DQ823367.1	3707.41	-	4741.38	3507.65	-	-	-	-	-	10	-
HIV1.cut.id_DQ837381.1	358.01	486.45	-	1102.63	0.0	-	-	-	-	10	-
HIV1.cut.id_DQ845386.1	3165.07	1551.55	-	2313.37	0.0	-	-	-	-	10	-
HIV1.cut.id_DQ845387.1	3830.58	1526.16	3033.95	4023.09	722.54	-	-	-	-	10	-
HIV1.cut.id_DQ845388.1	0.0	2192.07	-	3595.83	-	-	-	-	-	10	-
HIV1.cut.id_DQ853436.1	3023.28	1748.25	-	3459.12	-	-	-	-	-	10	-
HIV1.cut.id_DQ853437.1	1774.9	-	-	1774.04	-	-	-	-	-	10	-
HIV1.cut.id_DQ853438.1	3607.68	-	-	10107.39	-	-	-	-	-	10	-
HIV1.cut.id_DQ853439.1	3060.98	-	-	-	-	-	-	-	-	10	-
HIV1.cut.id_DQ853440.1	722.79	-	-	927.49	-	-	-	-	-	10	-
HIV1.cut.id_DQ853441.1	1461.93	-	-	-	-	-	-	-	-	10	-
HIV1.cut.id_DQ853442.1	1596.52	-	-	-	-	-	-	-	-	10	-
HIV1.cut.id_DQ853443.1	1436.59	-	-	-	-	-	-	-	-	10	-
HIV1.cut.id_DQ853444.1	5220.23	-	-	-	-	-	-	-	-	10	-
HIV1.cut.id_DQ853445.1	3137.14	807.9	-	1557.51	-	-	-	-	-	10	-
HIV1.cut.id_DQ853446.1	6702.17	-	-	3717.67	-	-	-	-	-	10	-
HIV1.cut.id_DQ853447.1	3219.75	-	-	-	-	-	-	-	-	10	-
HIV1.cut.id_DQ853448.1	518.13	-	-	-	-	-	-	-	-	10	-
HIV1.cut.id_DQ853449.1	1993.87	-	-	1957.65	-	-	-	-	-	10	-
HIV1.cut.id_DQ853450.1	2901.29	-	-	2235.47	-	-	-	-	-	10	-
HIV1.cut.id_DQ853451.1	1652.8	-	-	2314.2	-	-	-	-	-	10	-
HIV1.cut.id_DQ853452.1	1714.73	-	-	-	-	-	-	-	-	10	-
HIV1.cut.id_DQ853453.1	2786.86	-	-	-	-	-	-	-	-	10	-
HIV1.cut.id_DQ853454.1	2490.85	-	-	3581.27	-	-	-	-	-	10	-
HIV1.cut.id_DQ853455.1	1088.51	-	-	-	-	-	-	-	-	10	-
HIV1.cut.id_DQ853456.1	-	-	-	2228.41	-	-	-	-	-	10	-
HIV1.cut.id_DQ853457.1	-	893.47	-	1886.17	-	-	-	-	-	10	-
HIV1.cut.id_DQ853458.1	-	-	-	1746.72	-	-	-	-	-	10	-
HIV1.cut.id_DQ853459.1	601.95	-	-	1856.76	2247.19	-	-	-	-	10	-
HIV1.cut.id_DQ853460.1	1336.28	-	160.13	-	-	-	-	-	-	10	-
HIV1.cut.id_DQ853461.1	1106.36	-	-	-	1964.45	-	-	-	-	10	-
HIV1.cut.id_DQ853462.1	1221.8	-	-	7279.03	-	-	-	-	-	10	-
HIV1.cut.id_DQ853463.1	1354.4	1510.57	-	1709.4	-	-	-	-	-	10	-
HIV1.cut.id_DQ853464.1	815.22	-	-	5507.51	-	-	-	-	-	10	-
HIV1.cut.id_DQ853465.1	1818.6	-	-	2727.27	-	-	-	-	-	10	-
HIV1.cut.id_DQ854714.1	2971.52	-	-	-	-	-	3682.95	-	-	10	-
HIV1.cut.id_DQ854715.1	1598.17	-	-	1625.32	-	-	-	-	-	10	-
HIV1.cut.id_DQ854716.1	1972.83	-	-	0.0	-	-	-	2068.42	-	10	-
HIV1.cut.id_DQ859178.1	779.94	367.65	-	4489.6	-	-	-	-	-	10	-
HIV1.cut.id_DQ859179.1	217.24	-	-	-	-	-	-	2430.56	-	10	-
HIV1.cut.id_DQ859180.1	7749.81	1277.37	-	3608.0	-	-	-	-	-	10	-
HIV1.cut.id_DQ886031.1	529.24	3036.72	-	1825.9	125.37	-	-	-	-	10	-
HIV1.cut.id_DQ886032.1	1428.75	302.2	4524.89	653.9	0.0	-	-	-	-	10	-
HIV1.cut.id_DQ886033.1	459.77	3011.64	-	2392.74	0.0	-	-	-	-	10	-
HIV1.cut.id_DQ886034.1	486.98	3445.23	-	2454.55	84.0	-	-	-	-	10	-
HIV1.cut.id_DQ886035.1	0.0	414.25	-	3373.49	0.0	-	-	-	-	10	-
HIV1.cut.id_DQ886036.1	0.0	-	-	1118.1	0.0	-	-	-	-	10	-
HIV1.cut.id_DQ886037.1	303.44	2005.85	-	3618.19	0.0	-	-	-	-	10	-
HIV1.cut.id_DQ886038.1	1152.18	2578.31	0.0	2222.22	0.0	-	-	-	-	10	-
HIV1.cut.id_DQ912822.1	635.71	102.91	-	4539.11	-	-	-	-	-	10	-
HIV1.cut.id_DQ912823.1	292.24	-	-	6938.06	-	-	-	-	-	10	-
HIV1.cut.id_DQ978981.1	3370.12	2652.97	-	4775.09	3571.43	-	-	-	-	10	-
HIV1.cut.id_DQ979023.1	295.59	552.1	478.01	5361.11	0.0	-	-	-	-	10	-
HIV1.cut.id_DQ979024.1	1218.0	2112.41	0.0	3678.88	0.0	-	-	-	-	10	-
HIV1.cut.id_DQ979025.1	211.63	5227.0	-	3036.81	-	-	-	-	-	10	-
HIV1.cut.id_DQ990880.1	54.98	-	-	1726.37	0.0	-	-	-	-	10	-
HIV1.cut.id_EF029066.1	8544.48	2171.86	-	1310.58	-	-	-	-	-	10	-
HIV1.cut.id_EF029067.1	2561.0	319.83	-	8776.93	1000.0	-	-	-	-	10	-
HIV1.cut.id_EF029068.1	5593.41	1095.29	-	1442.91	844.28	-	-	-	-	10	-
HIV1.cut.id_EF029069.1	2961.18	1311.19	-	1055.86	-	-	-	-	-	10	-
HIV1.cut.id_EF036527.1	2689.34	1282.05	-	83.75	-	-	-	-	-	10	-
HIV1.cut.id_EF036528.1	370.15	-	-	4878.05	-	-	-	-	-	10	-
HIV1.cut.id_EF036529.1	566.45	-	-	2186.12	-	-	-	-	-	10	-
HIV1.cut.id_EF036530.1	559.86	602.41	-	2925.78	-	-	-	-	-	10	-
HIV1.cut.id_EF036531.1	3430.83	-	-	4584.0	-	-	-	-	-	10	-
HIV1.cut.id_EF036532.1	518.89	-	-	3158.77	2613.89	-	-	-	-	10	-
HIV1.cut.id_EF036533.1	4989.56	74.91	-	533.33	-	-	-	-	-	10	-
HIV1.cut.id_EF036534.1	1820.59	3858.52	3738.32	2983.75	-	-	-	-	-	10	-
HIV1.cut.id_EF036535.1	3150.39	0.0	-	561.8	-	-	-	-	-	10	-
HIV1.cut.id_EF036536.1	8935.8	0.0	0.0	2008.7	1638.6	-	-	-	-	10	-
HIV1.cut.id_EF057102.2	808.93	3645.83	-	6209.68	-	-	-	-	-	10	-
HIV1.cut.id_EF078278.2	1050.02	-	-	6862.75	-	-	-	-	-	10	-
HIV1.cut.id_EF078279.2	363.25	-	-	3642.38	-	-	-	-	-	10	-
HIV1.cut.id_EF091932.1	1879.01	3116.88	-	827.81	-	-	-	-	-	10	-
HIV1.cut.id_EF175209.1	-	0.0	0.0	-	-	-	-	0.0	-	10	-
HIV1.cut.id_EF175210.1	2069.46	-	3260.87	3394.04	0.0	-	-	-	-	10	-
HIV1.cut.id_EF175211.1	4424.78	-	-	-	-	-	-	-	-	10	-
HIV1.cut.id_EF175212.1	-	-	-	4317.11	-	-	-	-	-	10	-
HIV1.cut.id_EF178323.1	1878.74	-	-	-	-	-	-	-	-	10	-
HIV1.cut.id_EF178358.1	123.25	-	-	4186.95	-	-	-	-	-	10	-
HIV1.cut.id_EF178366.1	-	-	-	-	-	-	-	-	-	10	-
HIV1.cut.id_EF178405.1	679.38	2480.27	-	2558.85	-	-	-	-	-	10	-
HIV1.cut.id_EF192591.1	2231.67	1658.37	-	2145.92	-	-	-	-	-	10	-
HIV1.cut.id_EF192592.1	2622.38	1961.92	4416.4	3468.37	-	-	-	-	-	10	-
HIV1.cut.id_EF363122.1	146.77	0.0	-	3183.39	0.0	-	-	-	-	10	-
HIV1.cut.id_EF363123.1	1128.74	87.11	-	1736.61	-	-	-	-	-	10	-
HIV1.cut.id_EF363124.1	2851.65	854.09	-	2794.32	-	-	-	-	-	10	-
HIV1.cut.id_EF363125.1	143.37	1580.14	0.0	2407.12	-	-	-	-	-	10	-
HIV1.cut.id_EF363126.1	21.96	2978.72	-	3172.09	691.02	-	-	-	-	10	-
HIV1.cut.id_EF363127.1	0.0	1702.13	-	3268.41	161.29	-	-	-	-	10	-
HIV1.cut.id_EF368370.1	779.9	-	-	4715.3	-	-	-	-	-	10	-
HIV1.cut.id_EF368371.1	102.25	-	-	-	-	-	-	-	-	10	-
HIV1.cut.id_EF368372.1	0.0	-	-	4058.55	-	-	-	-	-	10	-
HIV1.cut.id_EF420986.1	5029.05	-	631.41	3996.77	-	-	-	-	-	10	-
HIV1.cut.id_EF420987.1	2436.27	-	-	584.8	1066.1	-	-	-	-	10	-
HIV1.cut.id_EF469243.2	1253.54	4559.46	-	4987.81	73.31	-	-	-	-	10	-
HIV1.cut.id_EF495062.1	5034.26	4205.21	-	210.88	-	-	-	-	-	10	-
HIV1.cut.id_EF514697.1	1573.31	-	-	2390.18	-	-	-	-	-	10	-
HIV1.cut.id_EF514698.1	0.0	-	-	103.34	-	-	-	-	-	10	-
HIV1.cut.id_EF514699.1	886.61	-	-	2870.81	0.0	-	-	-	-	10	-
HIV1.cut.id_EF514700.1	0.0	1439.48	-	1343.1	-	-	-	-	-	10	-
HIV1.cut.id_EF514701.1	23.21	922.87	-	3062.66	125.21	-	-	-	-	10	-
HIV1.cut.id_EF514702.1	510.46	1645.34	-	1548.97	0.0	-	-	-	-	10	-
HIV1.cut.id_EF514703.1	2738.07	-	-	7385.52	-	-	-	-	-	10	-
HIV1.cut.id_EF514704.1	5539.13	0.0	-	5198.57	-	-	-	-	-	10	-
HIV1.cut.id_EF514705.1	665.56	970.87	-	2971.81	0.0	-	-	-	-	10	-
HIV1.cut.id_EF514706.1	0.0	769.23	-	788.64	-	-	-	-	-	10	-
HIV1.cut.id_EF514707.1	466.94	2536.53	-	4102.84	0.0	-	-	-	-	10	-
HIV1.cut.id_EF514708.1	0.0	-	-	3589.51	-	-	-	-	-	10	-
HIV1.cut.id_EF514709.1	1252.61	-	-	-	-	-	-	-	-	10	-
HIV1.cut.id_EF514710.1	112.19	1444.29	1870.91	6094.35	0.0	-	-	-	-	10	-
HIV1.cut.id_EF514711.1	788.95	3150.63	4641.35	1739.65	-	-	-	-	-	10	-
HIV1.cut.id_EF514712.1	1087.39	960.31	-	2225.76	3541.67	-	-	-	-	10	-
HIV1.cut.id_EF514713.1	12.31	-	-	842.7	-	-	-	-	-	10	-
HIV1.cut.id_EF545108.1	1055.33	-	-	1992.66	0.0	-	-	-	-	10	-
HIV1.cut.id_EF633445.1	0.0	1832.99	0.0	6506.9	0.0	-	-	-	-	10	-
HIV1.cut.id_EF637046.1	79.28	2574.42	-	2448.98	972.93	-	-	-	-	10	-
HIV1.cut.id_EF637047.1	11.8	2743.56	285.99	2008.93	696.86	-	-	-	-	10	-
HIV1.cut.id_EF637048.1	147.69	2634.43	-	2269.9	0.0	-	-	-	-	10	-
HIV1.cut.id_EF637049.1	62.47	0.0	-	3246.51	0.0	-	-	-	-	10	-
HIV1.cut.id_EF637050.1	1897.17	-	-	1195.43	-	-	-	-	-	10	-
HIV1.cut.id_EF637051.1	499.81	0.0	-	2901.02	0.0	-	-	-	-	10	-
HIV1.cut.id_EF637052.1	0.0	1751.41	-	1931.98	114.55	-	-	-	-	10	-
HIV1.cut.id_EF637053.1	717.97	3806.39	-	1670.64	-	-	-	-	-	10	-
HIV1.cut.id_EF637054.1	753.52	2534.32	0.0	2457.67	0.0	-	-	-	-	10	-
HIV1.cut.id_EF637055.1	1572.43	0.0	-	3250.67	193.74	-	-	-	-	10	-
HIV1.cut.id_EF637056.1	853.91	245.1	-	2131.11	0.0	-	-	-	-	10	-
HIV1.cut.id_EF637057.1	0.0	697.73	1126.97	3248.73	0.0	-	-	-	-	10	-
HIV1.cut.id_EU000506.1	2430.15	-	-	2715.78	-	-	-	-	-	10	-
HIV1.cut.id_EU000507.1	3446.52	3522.13	-	3143.13	-	-	-	-	-	10	-
HIV1.cut.id_EU000508.1	3692.95	-	-	-	-	-	-	-	-	10	-
HIV1.cut.id_EU000509.1	1025.18	185.01	-	2688.73	-	-	-	-	-	10	-
HIV1.cut.id_EU000510.1	1983.81	4521.07	-	1514.27	-	-	-	-	-	10	-
HIV1.cut.id_EU000511.1	1183.36	-	-	2822.58	-	-	-	-	-	10	-
HIV1.cut.id_EU000512.1	1539.26	74.07	-	-	-	-	-	-	-	10	-
HIV1.cut.id_EU000513.1	4748.73	160.13	196.85	1444.04	367.65	-	-	-	-	10	-
HIV1.cut.id_EU000514.1	2853.04	1647.06	-	5494.97	-	-	-	-	-	10	-
HIV1.cut.id_EU000515.1	663.72	-	-	2259.89	-	-	-	-	-	10	-
HIV1.cut.id_EU000516.1	145.89	76.08	2490.04	5953.12	0.0	-	-	-	-	10	-
HIV1.cut.id_EU031913.1	4915.25	-	-	1217.8	-	-	-	-	-	10	-
HIV1.cut.id_EU031914.1	1773.13	3150.21	1377.63	2161.41	0.0	-	-	-	-	10	-
HIV1.cut.id_EU031915.1	1431.45	1815.11	-	4942.08	-	-	-	-	-	10	-
HIV1.cut.id_EU110085.1	2062.28	993.08	150.15	1600.54	0.0	-	-	-	-	10	-
HIV1.cut.id_EU110086.1	0.0	-	-	955.41	-	-	-	-	-	10	-
HIV1.cut.id_EU110087.1	1152.96	4555.81	4305.28	1993.62	-	-	-	-	-	10	-
HIV1.cut.id_EU110088.1	2565.16	-	-	-	-	-	-	-	-	10	-
HIV1.cut.id_EU110089.1	447.43	-	-	-	-	-	-	-	-	10	-
HIV1.cut.id_EU110090.1	354.45	4292.93	-	3639.51	-	-	-	-	-	10	-
HIV1.cut.id_EU110091.1	42.19	647.09	-	-	-	-	-	-	-	10	-
HIV1.cut.id_EU110092.1	3768.31	1301.95	2429.15	718.48	0.0	-	-	-	-	10	-
HIV1.cut.id_EU110093.1	256.67	0.0	-	0.0	-	-	-	-	-	10	-
HIV1.cut.id_EU110094.1	336.3	2194.36	-	1899.01	199.07	-	-	-	-	10	-
HIV1.cut.id_EU110095.1	847.75	2618.18	-	-	-	-	-	-	-	10	-
HIV1.cut.id_EU110096.1	158.11	534.09	-	6371.99	194.27	-	-	-	-	10	-
HIV1.cut.id_EU110097.1	1110.22	416.67	-	5034.86	0.0	-	-	-	-	10	-
HIV1.cut.id_EU220698.1	0.0	80.1	-	2635.27	0.0	-	-	-	-	10	-
HIV1.cut.id_EU293444.1	0.0	2138.36	-	-	-	-	-	-	-	10	-
HIV1.cut.id_EU293445.1	0.0	2502.5	-	1187.65	-	-	-	-	-	10	-
HIV1.cut.id_EU293446.1	72.89	2315.11	-	1634.09	-	-	-	-	-	10	-
HIV1.cut.id_EU293447.1	288.3	1995.36	-	1444.79	-	-	-	-	-	10	-
HIV1.cut.id_EU293448.1	454.39	2265.86	-	2925.91	1487.25	-	-	-	-	10	-
HIV1.cut.id_EU293449.1	0.0	4466.5	-	1997.58	0.0	-	-	-	-	10	-
HIV1.cut.id_EU293450.1	2336.04	3692.07	-	1322.53	-	-	-	-	-	10	-
HIV1.cut.id_EU446022.1	0.0	0.0	1398.6	4190.44	-	-	-	-	-	10	-
HIV1.cut.id_EU448295.1	696.36	195.12	0.0	3650.34	0.0	-	-	-	-	10	-
HIV1.cut.id_EU448296.1	0.0	1034.61	376.29	2334.85	-	-	-	-	-	10	-
HIV1.cut.id_EU541617.1	4146.6	-	-	3164.92	-	-	-	-	-	10	-
HIV1.cut.id_EU547186.1	155.28	1381.46	-	7260.64	82.51	-	-	-	-	10	-
HIV1.cut.id_EU616639.1	955.25	94.31	-	-	-	-	-	-	-	10	-
HIV1.cut.id_EU616640.1	1264.51	-	-	1778.91	-	-	-	-	-	10	-
HIV1.cut.id_EU616641.1	1490.92	-	1808.79	385.36	-	-	-	-	-	10	-
HIV1.cut.id_EU616642.1	115.07	1009.59	-	-	-	-	-	-	-	10	-
HIV1.cut.id_EU616643.1	-	728.99	492.17	3478.64	176.68	-	-	-	-	10	-
HIV1.cut.id_EU616644.1	266.82	-	-	3666.41	-	-	-	-	-	10	-
HIV1.cut.id_EU616645.1	249.38	-	-	-	-	-	-	-	-	10	-
HIV1.cut.id_EU616649.1	1172.19	-	-	-	-	-	-	-	-	10	-
HIV1.cut.id_EU693240.1	261.87	0.0	-	9250.24	-	-	-	-	-	10	-
HIV1.cut.id_EU697904.1	283.66	-	-	9600.52	0.0	-	-	-	-	10	-
HIV1.cut.id_EU697905.1	1726.6	1458.67	2251.55	3877.06	-	-	-	-	-	10	-
HIV1.cut.id_EU697906.1	3617.27	-	-	3418.8	-	-	-	-	-	10	-
HIV1.cut.id_EU697907.1	3037.73	2933.99	-	-	3054.66	-	-	-	-	10	-
HIV1.cut.id_EU697908.1	684.83	0.0	526.55	2354.24	0.0	-	-	-	-	10	-
HIV1.cut.id_EU697909.1	2873.56	2266.29	-	2055.95	-	-	-	-	-	10	-
HIV1.cut.id_EU735535.1	0.0	370.57	-	6714.76	-	-	-	-	-	10	-
HIV1.cut.id_EU735536.1	334.98	3260.87	1559.89	2351.31	-	-	-	-	-	10	-
HIV1.cut.id_EU735537.1	3483.74	629.99	94.25	4962.88	519.29	-	-	-	-	10	-
HIV1.cut.id_EU735538.1	262.47	-	-	3152.25	-	-	-	-	-	10	-
HIV1.cut.id_EU735539.1	1142.23	0.0	-	8681.84	0.0	-	-	-	-	10	-
HIV1.cut.id_EU735540.1	185.99	3161.4	-	2593.24	0.0	-	-	-	-	10	-
HIV1.cut.id_EU743963.1	0.0	70.27	0.0	3068.16	0.0	-	-	-	-	10	-
HIV1.cut.id_EU743964.1	1197.13	67.48	1841.43	3801.65	0.0	-	-	-	-	10	-
HIV1.cut.id_EU786670.1	2256.39	31.91	1212.94	3778.44	0.0	-	-	-	-	10	-
HIV1.cut.id_EU786671.1	1253.08	0.0	-	2568.64	0.0	-	-	-	-	10	-
HIV1.cut.id_EU786672.1	0.0	-	-	-	-	-	-	-	-	10	-
HIV1.cut.id_EU786673.1	1357.82	1478.26	367.99	1292.07	965.67	-	-	-	-	10	-
HIV1.cut.id_EU786674.1	261.73	-	-	-	-	-	-	-	-	10	-
HIV1.cut.id_EU786675.1	1466.05	-	-	-	-	-	-	-	-	10	-
HIV1.cut.id_EU786676.1	69.26	-	-	8670.52	4027.5	-	-	-	-	10	-
HIV1.cut.id_EU786677.1	575.42	3102.38	-	762.44	-	-	-	-	-	10	-
HIV1.cut.id_EU786678.1	1347.9	2681.99	-	3942.94	44.4	-	-	-	-	10	-
HIV1.cut.id_EU786679.1	392.88	81.7	-	2881.72	121.65	-	-	-	-	10	-
HIV1.cut.id_EU786680.1	1150.84	1289.68	-	591.13	0.0	-	-	-	-	10	-
HIV1.cut.id_EU786681.1	15.85	578.59	-	3347.12	-	-	-	-	-	10	-
HIV1.cut.id_EU861977.1	5110.63	-	0.0	3039.41	-	-	-	-	-	10	-
HIV1.cut.id_EU884500.1	4003.02	-	-	2784.94	-	-	-	-	-	10	-
HIV1.cut.id_EU884501.1	185.39	2431.22	0.0	1042.57	0.0	-	-	-	-	10	-
HIV1.cut.id_FJ185228.1	7154.28	-	-	-	-	-	-	-	-	10	-
HIV1.cut.id_FJ185229.1	564.09	-	-	2445.19	-	-	-	-	-	10	-
HIV1.cut.id_FJ185230.1	2373.07	-	-	-	-	-	-	-	-	10	-
HIV1.cut.id_FJ185231.1	2463.42	-	-	2601.63	-	-	-	-	-	10	-
HIV1.cut.id_FJ185232.1	1987.89	-	-	-	-	-	-	-	-	10	-
HIV1.cut.id_FJ185233.1	2090.21	-	-	1148.37	-	-	-	-	-	10	-
HIV1.cut.id_FJ185234.1	-	-	-	5215.58	-	-	-	-	-	10	-
HIV1.cut.id_FJ185235.1	1528.93	-	-	2990.43	-	-	-	-	-	10	-
HIV1.cut.id_FJ185236.1	893.7	-	-	-	-	-	-	-	-	10	-
HIV1.cut.id_FJ185237.1	2407.08	-	-	2860.06	-	-	-	-	-	10	-
HIV1.cut.id_FJ185238.1	3657.66	-	-	4025.88	-	-	-	-	-	10	-
HIV1.cut.id_FJ185239.1	2230.48	-	-	-	-	-	-	-	-	10	-
HIV1.cut.id_FJ185240.1	1917.7	3719.01	-	3430.04	-	-	-	-	-	10	-
HIV1.cut.id_FJ185241.1	934.92	-	-	1454.23	-	-	-	-	-	10	-
HIV1.cut.id_FJ185242.1	1986.38	3921.57	-	4585.54	-	-	-	-	-	10	-
HIV1.cut.id_FJ185243.1	2564.79	3546.1	-	4383.16	-	-	-	-	-	10	-
HIV1.cut.id_FJ185244.1	1091.31	-	-	3522.9	-	-	-	-	-	10	-
HIV1.cut.id_FJ185245.1	659.95	-	-	5119.01	-	-	-	-	-	10	-
HIV1.cut.id_FJ185246.1	854.9	-	-	2058.92	-	-	3644.44	-	-	10	-
HIV1.cut.id_FJ185247.1	521.87	-	-	-	-	-	-	-	-	10	-
HIV1.cut.id_FJ185248.1	2379.14	-	-	3146.21	-	-	-	-	-	10	-
HIV1.cut.id_FJ185249.1	4673.46	-	-	258.4	-	-	-	-	-	10	-
HIV1.cut.id_FJ185250.1	1719.06	-	-	3921.57	-	-	-	-	-	10	-
HIV1.cut.id_FJ185251.1	1225.77	-	-	-	-	-	-	-	-	10	-
HIV1.cut.id_FJ185252.1	234.89	-	-	2247.19	0.0	-	-	-	-	10	-
HIV1.cut.id_FJ185253.1	1236.51	-	-	1414.71	-	-	-	-	-	10	-
HIV1.cut.id_FJ185254.1	2517.85	-	-	3206.56	-	-	-	-	-	10	-
HIV1.cut.id_FJ185255.1	431.33	-	-	-	-	-	-	-	-	10	-
HIV1.cut.id_FJ185256.1	1653.44	-	-	2418.68	-	-	-	-	-	10	-
HIV1.cut.id_FJ185257.1	2222.61	-	-	2909.84	-	-	-	-	-	10	-
HIV1.cut.id_FJ185258.1	3165.49	-	-	3738.32	-	-	-	-	-	10	-
HIV1.cut.id_FJ185259.1	913.57	-	-	-	-	-	-	-	-	10	-
HIV1.cut.id_FJ185260.1	2661.38	5777.5	-	3111.5	-	-	-	-	-	10	-
HIV1.cut.id_FJ195086.1	33.89	2442.89	1047.12	3080.08	0.0	-	-	-	-	10	-
HIV1.cut.id_FJ195087.1	0.0	0.0	0.0	1439.16	0.0	-	-	-	-	10	-
HIV1.cut.id_FJ195088.1	223.98	156.01	-	3172.33	-	-	-	-	-	10	-
HIV1.cut.id_FJ195089.1	745.52	0.0	711.74	3519.06	-	-	-	-	-	10	-
HIV1.cut.id_FJ195090.1	0.0	4097.65	-	3159.34	-	-	-	-	-	10	-
HIV1.cut.id_FJ195091.1	56.93	3765.39	-	1943.84	0.0	-	-	-	-	10	-
HIV1.cut.id_FJ213780.1	793.83	723.98	-	1170.45	0.0	-	-	-	-	10	-
HIV1.cut.id_FJ213781.1	1164.35	780.98	-	2434.68	175.9	-	-	-	-	10	-
HIV1.cut.id_FJ213782.1	586.51	-	-	4487.18	-	-	-	-	-	10	-
HIV1.cut.id_FJ213783.1	389.35	0.0	-	2314.05	-	-	-	-	-	10	-
HIV1.cut.id_FJ358521.1	715.71	2306.27	-	4878.77	-	-	-	-	-	10	-
HIV1.cut.id_FJ460499.1	1815.67	-	-	2191.64	1872.66	-	-	-	-	10	-
HIV1.cut.id_FJ460500.1	1005.03	3733.07	-	3161.09	-	-	-	-	-	10	-
HIV1.cut.id_FJ460501.1	8265.11	2154.4	-	1328.27	-	-	-	-	-	10	-
HIV1.cut.id_FJ495818.1	0.0	-	-	461.36	-	-	-	-	-	10	-
HIV1.cut.id_FJ495819.1	-	-	-	-	-	-	-	-	-	10	-
HIV1.cut.id_FJ495820.1	22.25	0.0	-	-	-	-	-	-	-	10	-
HIV1.cut.id_FJ495821.1	-	-	878.41	-	-	-	-	-	-	10	-
HIV1.cut.id_FJ495822.1	819.19	-	2703.68	3808.05	38.28	-	-	-	-	10	-
HIV1.cut.id_FJ495823.1	-	206.47	909.73	-	-	-	-	-	-	10	-
HIV1.cut.id_FJ495824.1	825.08	-	-	-	-	-	-	-	-	10	-
HIV1.cut.id_FJ495825.1	-	-	-	1878.74	-	-	-	-	-	10	-
HIV1.cut.id_FJ495826.1	-	-	-	-	-	-	-	-	-	10	-
HIV1.cut.id_FJ495937.1	-	4471.54	-	2374.67	-	-	-	-	-	10	-
HIV1.cut.id_FJ495938.1	847.46	-	921.66	-	1740.95	-	-	-	-	10	-
HIV1.cut.id_FJ495939.1	33.23	112.42	-	-	-	-	-	-	-	10	-
HIV1.cut.id_FJ495940.1	-	-	-	3167.19	3248.03	-	-	-	-	10	-
HIV1.cut.id_FJ495941.1	-	2872.69	667.53	-	-	-	-	-	-	10	-
HIV1.cut.id_FJ495942.1	-	-	-	1966.38	-	-	-	-	-	10	-
HIV1.cut.id_FJ495943.1	-	-	-	-	-	-	-	-	-	10	-
HIV1.cut.id_FJ496000.1	-	0.0	-	-	-	-	-	-	-	10	-
HIV1.cut.id_FJ496001.1	579.71	-	-	576.37	-	-	-	-	-	10	-
HIV1.cut.id_FJ496002.1	1295.47	33.28	-	3321.55	0.0	-	-	-	-	10	-
HIV1.cut.id_FJ496003.1	-	-	-	270.27	-	-	-	-	-	10	-
HIV1.cut.id_FJ496004.1	55.26	0.0	-	3721.42	-	-	-	-	-	10	-
HIV1.cut.id_FJ496005.1	575.37	-	-	3799.06	2729.04	-	-	-	-	10	-
HIV1.cut.id_FJ496006.1	-	-	-	4143.95	0.0	-	-	-	-	10	-
HIV1.cut.id_FJ496007.1	2613.24	-	2139.71	2132.56	0.0	-	-	-	-	10	-
HIV1.cut.id_FJ496072.1	-	-	-	-	1165.33	-	-	-	-	10	-
HIV1.cut.id_FJ496073.1	-	-	-	-	-	-	-	-	-	10	-
HIV1.cut.id_FJ496074.1	-	-	-	1337.45	-	-	-	-	-	10	-
HIV1.cut.id_FJ496075.1	-	-	-	372.34	-	-	-	-	-	10	-
HIV1.cut.id_FJ496076.1	264.7	-	-	-	-	-	-	-	-	10	-
HIV1.cut.id_FJ496077.1	201.07	119.66	-	-	-	-	-	970.2	-	10	-
HIV1.cut.id_FJ496078.1	-	-	-	0.0	677.76	-	-	-	-	10	-
HIV1.cut.id_FJ496079.1	-	-	874.64	-	-	-	-	-	-	10	-
HIV1.cut.id_FJ496080.1	1734.77	-	3540.9	1548.39	4500.62	-	-	-	-	10	-
HIV1.cut.id_FJ496081.1	3635.76	330.98	1696.11	4987.42	-	-	-	-	-	10	-
HIV1.cut.id_FJ496082.1	0.0	-	-	1834.86	-	-	-	-	-	10	-
HIV1.cut.id_FJ496083.1	-	-	-	1186.94	0.0	-	-	0.0	-	10	-
HIV1.cut.id_FJ496084.1	-	-	-	-	-	-	-	-	-	10	-
HIV1.cut.id_FJ496085.1	3113.17	-	709.78	6109.32	2002.15	-	-	-	-	10	-
HIV1.cut.id_FJ496145.1	0.0	0.0	-	5385.38	-	-	-	-	-	10	-
HIV1.cut.id_FJ496146.1	-	63.13	-	778.21	0.0	-	-	-	-	10	-
HIV1.cut.id_FJ496147.1	60.04	59.95	-	2007.81	0.0	-	-	-	-	10	-
HIV1.cut.id_FJ496148.1	-	-	-	1028.94	-	-	-	-	-	10	-
HIV1.cut.id_FJ496149.1	1783.41	-	-	2175.13	-	-	-	-	-	10	-
HIV1.cut.id_FJ496150.1	0.0	-	1455.72	1328.27	-	-	-	-	-	10	-
HIV1.cut.id_FJ496151.1	872.83	-	1025.64	680.79	-	-	-	-	-	10	-
HIV1.cut.id_FJ496152.1	3738.51	-	-	-	2704.4	-	-	-	-	10	-
HIV1.cut.id_FJ496153.1	-	-	153.14	-	546.96	-	-	-	-	10	-
HIV1.cut.id_FJ496154.1	-	-	-	651.16	-	-	-	-	-	10	-
HIV1.cut.id_FJ496155.1	-	0.0	-	2150.54	-	-	-	-	-	10	-
HIV1.cut.id_FJ496156.1	-	-	-	-	-	-	-	-	-	10	-
HIV1.cut.id_FJ496157.1	-	686.5	-	4301.08	2877.07	-	-	-	-	10	-
HIV1.cut.id_FJ496158.1	-	-	-	-	-	-	-	-	-	10	-
HIV1.cut.id_FJ496159.1	2988.15	-	-	-	-	-	-	-	-	10	-
HIV1.cut.id_FJ496160.1	-	-	-	-	-	-	-	-	-	10	-
HIV1.cut.id_FJ496161.1	-	453.28	0.0	-	3365.38	-	-	-	-	10	-
HIV1.cut.id_FJ496162.1	-	-	-	-	-	-	-	-	-	10	-
HIV1.cut.id_FJ496163.1	4935.77	-	-	534.76	-	-	-	2382.91	-	10	-
HIV1.cut.id_FJ496164.1	-	-	-	7332.29	-	-	-	-	-	10	-
HIV1.cut.id_FJ496165.1	3444.84	124.38	-	-	-	-	-	-	-	10	-
HIV1.cut.id_FJ496166.1	991.5	-	-	4316.55	1634.53	-	-	-	-	10	-
HIV1.cut.id_FJ496167.1	-	-	-	6591.67	-	-	-	-	-	10	-
HIV1.cut.id_FJ496168.1	-	-	-	-	-	-	-	-	-	10	-
HIV1.cut.id_FJ496169.1	-	-	-	723.76	-	-	-	-	-	10	-
HIV1.cut.id_FJ496170.1	1631.91	-	-	-	-	-	-	-	-	10	-
HIV1.cut.id_FJ496171.1	-	-	-	-	-	-	-	-	-	10	-
HIV1.cut.id_FJ496172.1	-	0.0	-	-	-	-	-	-	-	10	-
HIV1.cut.id_FJ496173.1	2689.01	-	-	-	-	-	-	-	-	10	-
HIV1.cut.id_FJ496174.1	-	-	-	3097.77	-	-	-	-	-	10	-
HIV1.cut.id_FJ496175.1	-	-	138.03	2112.68	1553.93	-	-	-	-	10	-
HIV1.cut.id_FJ496176.1	-	-	-	2515.72	-	-	-	-	-	10	-
HIV1.cut.id_FJ496177.1	2370.67	-	-	-	416.97	-	-	-	-	10	-
HIV1.cut.id_FJ496178.1	4055.39	0.0	1941.75	7067.36	-	-	-	-	-	10	-
HIV1.cut.id_FJ496179.1	-	-	-	4645.23	-	-	-	-	-	10	-
HIV1.cut.id_FJ496180.1	-	-	-	425.08	-	-	-	-	-	10	-
HIV1.cut.id_FJ496181.1	56.21	-	-	1123.6	-	-	-	-	-	10	-
HIV1.cut.id_FJ496182.1	3174.96	-	-	-	-	-	-	0.0	-	10	-
HIV1.cut.id_FJ496183.1	562.04	-	-	-	2743.41	-	-	-	-	10	-
HIV1.cut.id_FJ496184.1	-	-	-	-	-	-	-	-	-	10	-
HIV1.cut.id_FJ496185.1	-	-	-	-	-	-	-	-	-	10	-
HIV1.cut.id_FJ496186.1	3733.08	0.0	-	-	952.38	-	-	-	-	10	-
HIV1.cut.id_FJ496187.1	-	-	-	2861.23	-	-	-	-	-	10	-
HIV1.cut.id_FJ496188.1	-	-	-	-	-	-	1105.99	-	-	10	-
HIV1.cut.id_FJ496189.1	-	-	-	2034.88	-	-	-	-	-	10	-
HIV1.cut.id_FJ496190.1	2476.33	-	-	3196.93	1198.45	-	-	-	-	10	-
HIV1.cut.id_FJ496191.1	-	-	1277.84	-	-	-	-	-	-	10	-
HIV1.cut.id_FJ496192.1	22.28	2619.76	711.61	947.42	-	-	-	1916.06	-	10	-
HIV1.cut.id_FJ496193.1	-	4729.27	155.04	-	0.0	-	-	-	-	10	-
HIV1.cut.id_FJ496194.1	1524.89	-	-	534.76	-	-	-	-	-	10	-
HIV1.cut.id_FJ496195.1	-	1437.91	-	1822.92	1371.2	-	-	-	-	10	-
HIV1.cut.id_FJ496196.1	-	-	-	2087.68	-	-	-	-	-	10	-
HIV1.cut.id_FJ496197.1	3238.87	-	-	-	-	-	-	-	-	10	-
HIV1.cut.id_FJ496198.1	2991.45	1788.91	-	-	-	-	-	-	-	10	-
HIV1.cut.id_FJ496199.1	-	-	-	-	738.01	-	-	-	-	10	-
HIV1.cut.id_FJ496200.1	0.0	-	110.19	-	1481.48	-	-	-	-	10	-
HIV1.cut.id_FJ496201.1	-	-	-	-	-	-	-	-	-	10	-
HIV1.cut.id_FJ496202.1	873.57	56.15	-	4239.85	-	-	3062.79	-	-	10	-
HIV1.cut.id_FJ496203.1	-	-	159.74	-	-	-	-	0.0	-	10	0.0
HIV1.cut.id_FJ496204.1	-	-	-	10534.35	-	-	-	-	-	10	-
HIV1.cut.id_FJ496205.1	-	1215.28	-	2044.79	-	-	-	-	-	10	-
HIV1.cut.id_FJ496206.1	2013.14	0.0	-	4060.43	-	-	-	-	-	10	-
HIV1.cut.id_FJ496207.1	-	-	-	-	1696.43	-	-	-	-	10	-
HIV1.cut.id_FJ496208.1	34.64	-	-	-	-	-	-	-	-	10	-
HIV1.cut.id_FJ496209.1	351.13	855.29	-	1350.74	-	-	-	-	-	10	-
HIV1.cut.id_FJ496210.1	124.77	-	1065.55	95.06	-	-	-	1984.13	-	10	-
HIV1.cut.id_FJ496211.1	411.24	436.36	-	-	-	-	-	-	-	10	-
HIV1.cut.id_FJ496212.1	0.0	36.4	-	-	-	-	-	-	-	10	-
HIV1.cut.id_FJ496213.1	0.0	-	66.67	1296.8	0.0	-	-	-	-	10	-
HIV1.cut.id_FJ496214.1	0.0	-	-	-	1390.54	-	-	-	-	10	-
HIV1.cut.id_FJ623475.1	34.44	96.99	-	0.0	0.0	-	4330.71	-	-	10	-
HIV1.cut.id_FJ623476.1	0.0	-	3083.9	2641.0	808.46	-	-	-	-	10	-
HIV1.cut.id_FJ623477.1	0.0	1099.57	782.92	9588.46	0.0	-	-	-	-	10	-
HIV1.cut.id_FJ623478.1	0.0	3989.18	-	3999.29	559.59	-	-	-	-	10	-
HIV1.cut.id_FJ623479.1	711.17	1513.72	0.0	1754.94	223.09	-	-	-	-	10	-
HIV1.cut.id_FJ623480.1	0.0	2807.02	-	3236.53	0.0	-	-	-	-	10	-
HIV1.cut.id_FJ623481.1	1927.9	1328.09	-	2429.49	0.0	-	-	-	-	10	-
HIV1.cut.id_FJ623482.1	275.29	856.73	-	2885.35	50.2	-	-	-	-	10	-
HIV1.cut.id_FJ623483.1	1620.73	0.0	-	3544.14	0.0	-	-	-	-	10	-
HIV1.cut.id_FJ623484.1	994.17	1444.62	-	2172.76	-	-	-	-	-	10	-
HIV1.cut.id_FJ623485.1	947.63	71.76	0.0	270.0	0.0	-	-	-	-	10	-
HIV1.cut.id_FJ623486.1	138.12	834.36	2104.3	5658.44	1953.49	-	-	-	-	10	-
HIV1.cut.id_FJ623487.1	0.0	-	-	4643.1	68.4	-	-	-	-	10	-
HIV1.cut.id_FJ623488.1	439.97	2720.0	-	2183.58	288.78	-	-	-	-	10	-
HIV1.cut.id_FJ623489.1	98.34	1516.36	-	1627.74	788.64	-	-	-	-	10	-
HIV1.cut.id_FJ623490.1	0.0	-	-	1731.84	0.0	-	-	-	-	10	-
HIV1.cut.id_FJ623491.1	0.0	-	-	2228.54	0.0	-	-	-	-	10	-
HIV1.cut.id_FJ623492.1	2273.25	0.0	725.59	2955.27	0.0	-	-	-	-	10	-
HIV1.cut.id_FJ623493.1	149.43	-	577.88	-	117.3	-	-	-	-	10	-
HIV1.cut.id_FJ623494.1	1629.0	-	-	2103.83	-	-	-	-	-	10	-
HIV1.cut.id_FJ623495.1	5886.39	1188.04	-	1484.09	280.4	-	-	-	-	10	-
HIV1.cut.id_FJ647145.1	368.6	1191.57	-	7131.18	-	-	-	-	-	10	-
HIV1.cut.id_FJ670515.1	255.27	1323.25	-	3593.83	0.0	-	-	-	-	10	-
HIV1.cut.id_FJ670516.2	0.0	2928.13	-	81.42	0.0	-	-	-	-	10	-
HIV1.cut.id_FJ670517.1	2364.81	537.63	4618.94	1133.39	-	-	-	-	-	10	-
HIV1.cut.id_FJ670518.1	3441.57	1438.85	-	-	-	-	-	-	-	10	-
HIV1.cut.id_FJ670519.1	1200.61	-	-	1202.87	52.55	-	-	-	-	10	-
HIV1.cut.id_FJ670520.1	4489.44	1885.01	-	2306.33	-	-	-	-	-	10	-
HIV1.cut.id_FJ670521.1	654.91	2380.95	-	10449.13	576.37	-	-	-	-	10	-
HIV1.cut.id_FJ670522.1	585.76	-	-	1311.95	-	-	-	-	-	10	-
HIV1.cut.id_FJ670523.1	2496.01	611.0	-	2643.17	1334.76	-	-	-	-	10	-
HIV1.cut.id_FJ670524.1	1544.05	4319.21	-	3766.79	179.86	-	-	-	-	10	-
HIV1.cut.id_FJ670525.1	0.0	0.0	-	3364.02	-	-	-	-	-	10	-
HIV1.cut.id_FJ670526.1	798.4	0.0	-	-	-	-	-	-	-	10	-
HIV1.cut.id_FJ670527.1	22.89	2770.97	0.0	1582.58	0.0	-	-	-	-	10	-
HIV1.cut.id_FJ670528.1	1497.57	-	-	664.45	-	-	-	-	-	10	-
HIV1.cut.id_FJ670529.1	666.89	344.0	-	3332.59	0.0	-	-	-	-	10	-
HIV1.cut.id_FJ670530.1	2763.89	393.92	257.29	1867.52	0.0	-	-	-	-	10	-
HIV1.cut.id_FJ670531.1	5143.87	-	-	2122.5	0.0	-	-	-	-	10	-
HIV1.cut.id_FJ711703.1	1245.89	2172.02	1267.33	746.27	0.0	-	-	-	-	10	-
HIV1.cut.id_FJ771006.1	2466.47	2777.78	-	8507.99	-	-	-	-	-	10	-
HIV1.cut.id_FJ771007.1	3880.56	-	1727.12	2411.64	671.14	-	-	-	-	10	-
HIV1.cut.id_FJ771008.1	320.34	-	-	3557.99	548.45	-	-	-	-	10	-
HIV1.cut.id_FJ771009.1	940.3	0.0	696.46	1217.08	961.17	-	-	-	-	10	-
HIV1.cut.id_FJ771010.1	995.84	0.0	-	3166.23	0.0	-	-	-	-	10	-
HIV1.cut.id_FJ853620.1	1064.81	-	-	7710.94	-	-	-	-	-	10	-
HIV1.cut.id_FJ853621.1	1461.4	-	-	5088.16	0.0	-	-	-	-	10	-
HIV1.cut.id_FJ853622.1	970.27	2738.76	-	1841.45	-	-	-	-	-	10	-
HIV1.cut.id_FJ864679.1	440.63	2119.21	-	3059.58	0.0	-	-	-	-	10	-
HIV1.cut.id_FM877777.1	80.27	2516.18	143.75	2086.23	837.99	-	-	-	-	10	-
HIV1.cut.id_FM877778.1	885.92	0.0	2271.25	668.82	0.0	-	-	-	-	10	-
HIV1.cut.id_FM877779.2	2816.58	0.0	2313.62	2315.47	0.0	-	-	-	-	10	-
HIV1.cut.id_FM877780.1	0.0	300.0	933.04	25331.24	56.6	-	-	-	-	10	-
HIV1.cut.id_FM877781.1	0.0	2589.2	1681.04	3961.8	34.56	-	-	-	-	10	-
HIV1.cut.id_FM877782.1	4056.28	1891.76	0.0	3818.48	0.0	-	-	-	-	10	-
HIV1.cut.id_FM877783.1	65.77	562.32	379.97	2232.46	0.0	-	-	-	-	10	-
HIV1.cut.id_FN392874.1	1544.98	-	-	8826.58	64.94	-	-	-	-	10	-
HIV1.cut.id_FN392875.1	0.0	-	3302.75	397.77	0.0	-	-	-	-	10	-
HIV1.cut.id_FN392876.1	0.0	-	331.86	4673.21	-	-	-	-	-	10	-
HIV1.cut.id_FN392877.1	0.0	-	-	-	-	-	-	-	-	10	-
HIV1.cut.id_FR846408.1	721.47	-	-	4134.48	-	-	-	-	-	10	-
HIV1.cut.id_FR846409.1	134.45	434.15	-	1207.35	762.8	-	-	-	-	10	-
HIV1.cut.id_FR846410.1	1577.32	573.25	-	4804.91	-	-	-	-	-	10	-
HIV1.cut.id_GQ175881.1	246.17	3086.82	-	2794.65	713.01	-	-	-	-	10	-
HIV1.cut.id_GQ175882.1	711.64	84.75	-	786.45	0.0	-	-	-	-	10	-
HIV1.cut.id_GQ175883.1	866.73	0.0	-	1658.29	-	-	-	-	-	10	-
HIV1.cut.id_GQ277610.1	864.69	910.47	-	5738.71	-	-	-	-	-	10	-
HIV1.cut.id_GQ290462.1	709.22	1649.75	-	2046.78	2046.78	-	-	-	-	10	-
HIV1.cut.id_GQ365649.1	44.7	2898.55	2524.43	4879.94	0.0	-	-	-	-	10	-
HIV1.cut.id_GQ365650.1	838.02	1800.55	-	5364.27	-	-	-	-	-	10	-
HIV1.cut.id_GQ365651.1	113.86	1047.12	-	51.02	0.0	-	-	-	-	10	-
HIV1.cut.id_GQ365652.1	44.76	-	-	3673.06	-	-	-	-	-	10	-
HIV1.cut.id_GQ372986.1	0.0	0.0	-	3150.5	0.0	-	-	-	-	10	-
HIV1.cut.id_GQ372987.1	1201.58	1061.01	-	86.13	0.0	-	-	-	-	10	-
HIV1.cut.id_GQ372988.1	0.0	1932.18	-	2533.26	250.13	-	-	-	-	10	-
HIV1.cut.id_GQ372989.1	1336.78	-	-	4351.65	3413.5	-	-	-	-	10	-
HIV1.cut.id_GQ372990.1	793.74	214.96	-	5977.46	-	-	-	-	-	10	-
HIV1.cut.id_GQ845124.1	3392.16	-	-	2427.64	-	-	-	-	-	10	-
HIV1.cut.id_GQ845125.1	2688.9	-	-	3349.49	-	-	-	-	-	10	-
HIV1.cut.id_GQ845126.1	4655.74	-	-	6966.22	-	-	-	-	-	10	-
HIV1.cut.id_GQ999972.1	345.8	0.0	-	3116.83	-	-	-	-	-	10	-
HIV1.cut.id_GQ999973.1	37.19	1707.78	-	6072.0	-	-	-	-	-	10	-
HIV1.cut.id_GQ999974.1	2263.94	3216.95	-	3541.67	-	-	-	-	-	10	-
HIV1.cut.id_GQ999975.1	1928.28	69.49	-	1421.93	695.83	-	-	-	-	10	-
HIV1.cut.id_GQ999976.1	0.0	1374.29	-	844.21	0.0	-	-	-	-	10	-
HIV1.cut.id_GQ999977.1	0.0	2390.44	-	0.0	0.0	-	-	-	-	10	-
HIV1.cut.id_GQ999978.1	221.76	-	-	1001.05	-	-	-	-	-	10	-
HIV1.cut.id_GQ999979.1	617.84	93.9	2460.57	2813.48	-	-	-	-	-	10	-
HIV1.cut.id_GQ999980.1	3245.86	1767.02	-	3383.65	-	-	-	-	-	10	-
HIV1.cut.id_GQ999981.1	803.52	1460.18	-	5269.72	2693.13	-	-	-	-	10	-
HIV1.cut.id_GQ999982.1	494.68	1076.72	-	6292.75	276.24	-	-	-	-	10	-
HIV1.cut.id_GQ999983.1	335.53	0.0	0.0	1558.72	36.05	-	-	-	-	10	-
HIV1.cut.id_GQ999984.1	0.0	-	-	2165.94	-	-	-	-	-	10	-
HIV1.cut.id_GQ999985.1	0.0	1216.27	-	2233.9	-	-	-	-	-	10	-
HIV1.cut.id_GQ999986.1	264.4	2948.81	-	4041.27	-	-	-	-	-	10	-
HIV1.cut.id_GQ999987.1	819.25	1691.82	-	2080.86	-	-	-	-	-	10	-
HIV1.cut.id_GQ999988.1	1505.76	2794.82	-	2792.32	-	-	-	-	-	10	-
HIV1.cut.id_GQ999989.1	2106.42	1663.97	-	4466.02	0.0	-	-	-	-	10	-
HIV1.cut.id_GQ999990.1	7066.84	611.25	-	8736.22	-	-	-	-	-	10	-
HIV1.cut.id_GQ999991.1	274.76	633.71	-	3444.71	0.0	-	-	-	-	10	-
HIV1.cut.id_GU111555.1	0.0	0.0	0.0	0.0	0.0	-	-	-	-	10	-
HIV1.cut.id_GU177863.1	1209.73	-	1339.29	1802.4	306.51	-	-	-	-	10	-
HIV1.cut.id_GU207884.1	752.63	738.61	-	1308.62	0.0	-	-	-	-	10	-
HIV1.cut.id_GU230137.1	1661.74	2501.69	-	2428.57	-	-	-	-	-	10	-
HIV1.cut.id_GU230139.1	2647.63	0.0	-	3815.09	-	-	-	-	-	10	-
HIV1.cut.id_GU237072.1	0.0	-	-	1043.22	0.0	-	-	-	-	10	-
HIV1.cut.id_GU362013.1	0.0	-	2411.87	8647.18	0.0	-	-	-	-	10	-
HIV1.cut.id_GU595148.1	0.0	-	-	3071.16	-	-	-	-	-	10	-
HIV1.cut.id_GU595149.1	2698.05	2160.1	-	4216.39	-	-	-	-	-	10	-
HIV1.cut.id_GU595150.1	1521.33	4824.56	-	3017.83	-	-	-	-	-	10	-
HIV1.cut.id_GU595151.1	694.26	-	-	3416.44	863.13	-	-	-	-	10	-
HIV1.cut.id_GU595152.1	522.75	727.51	-	2083.33	-	-	-	-	-	10	-
HIV1.cut.id_GU595153.1	320.56	4241.07	-	1866.83	-	-	-	-	-	10	-
HIV1.cut.id_GU595154.1	0.0	-	-	3909.05	-	-	-	-	-	10	-
HIV1.cut.id_GU595155.1	710.84	-	-	1013.82	-	-	-	-	-	10	-
HIV1.cut.id_GU595157.1	0.0	0.0	0.0	738.4	0.0	-	-	-	-	10	-
HIV1.cut.id_GU595158.1	321.29	3360.49	-	2339.18	-	-	-	-	-	10	-
HIV1.cut.id_GU595159.1	988.76	3883.5	-	2045.45	-	-	-	-	-	10	-
HIV1.cut.id_GU647196.1	716.42	144.35	-	690.52	-	-	-	-	-	10	-
HIV1.cut.id_GU647197.1	-	-	2409.64	4337.15	-	-	-	-	-	10	-
HIV1.cut.id_GU647198.1	3154.84	3071.02	-	2303.98	-	-	-	-	-	10	-
HIV1.cut.id_GU733713.1	-	33.31	-	675.28	1847.83	-	-	-	-	10	-
HIV1.cut.id_GU733714.1	-	-	-	2373.89	-	-	-	-	-	10	-
HIV1.cut.id_GU733715.1	987.77	58.86	-	3604.81	-	-	-	-	-	10	-
HIV1.cut.id_GU733716.1	1377.65	-	-	-	-	-	-	-	-	10	-
HIV1.cut.id_GU733717.1	2185.79	-	-	3775.17	-	-	-	-	-	10	-
HIV1.cut.id_HM026455.1	1806.96	2922.44	-	2341.72	-	-	-	-	-	10	-
HIV1.cut.id_HM026456.1	2294.14	-	-	7474.99	-	-	-	-	-	10	-
HIV1.cut.id_HM026457.1	5008.4	0.0	-	4685.66	-	-	-	-	-	10	-
HIV1.cut.id_HM026458.1	4510.88	0.0	-	1189.8	1769.91	-	-	-	-	10	-
HIV1.cut.id_HM026459.1	2338.54	-	2194.66	1016.87	0.0	-	-	-	-	10	-
HIV1.cut.id_HM026460.1	1230.92	427.96	708.5	8751.65	-	-	-	-	-	10	-
HIV1.cut.id_HM067748.1	4779.69	378.25	-	5498.64	611.95	-	-	-	-	10	-
HIV1.cut.id_HM100716.1	7672.2	2264.15	-	5878.47	-	-	2990.03	-	-	10	-
HIV1.cut.id_HM215249.1	354.18	417.87	-	1427.0	558.66	-	-	-	-	10	-
HIV1.cut.id_HM215250.1	615.85	-	-	4248.81	-	-	-	-	-	10	-
HIV1.cut.id_HM215251.1	325.2	1793.16	-	1480.2	-	-	-	-	-	10	-
HIV1.cut.id_HM215252.1	0.0	465.9	71.68	3249.83	0.0	-	-	-	-	10	-
HIV1.cut.id_HM469972.1	2103.12	-	-	-	-	-	-	-	-	10	-
HIV1.cut.id_HM469973.1	852.08	-	-	-	-	-	-	-	-	10	-
HIV1.cut.id_HM469974.1	576.37	-	-	-	-	-	-	-	-	10	-
HIV1.cut.id_HM469975.1	1406.56	-	-	2234.3	-	-	-	-	-	10	-
HIV1.cut.id_HM469976.1	840.5	-	-	699.91	-	-	-	-	-	10	-
HIV1.cut.id_HM469977.1	953.9	-	-	-	-	-	-	-	-	10	-
HIV1.cut.id_HM469978.1	982.91	-	-	2525.6	-	-	-	-	-	10	-
HIV1.cut.id_HM469979.1	1107.46	-	-	4512.2	-	-	-	-	-	10	-
HIV1.cut.id_HM469980.1	741.77	-	-	-	-	-	-	-	-	10	-
HIV1.cut.id_HM469981.1	996.95	-	-	-	-	-	-	-	-	10	-
HIV1.cut.id_HM469982.1	4066.12	-	-	4195.8	-	-	-	-	-	10	-
HIV1.cut.id_HM469983.1	331.83	-	-	-	1337.15	-	-	-	-	10	-
HIV1.cut.id_HM776938.1	756.59	-	-	3556.03	-	-	-	-	-	10	-
HIV1.cut.id_HM776939.1	0.0	3225.81	-	2721.62	-	-	-	-	-	10	-
HIV1.cut.id_JF719818.1	2859.96	-	-	4430.38	-	-	-	-	-	10	-
HIV1.cut.id_JF719819.1	1617.25	-	-	-	-	-	-	-	-	10	-
HIV1.cut.id_JF804805.1	1294.87	0.0	-	5226.55	1082.4	-	-	-	-	10	-
HIV1.cut.id_JF804806.1	3191.24	500.23	-	736.52	0.0	-	-	-	-	10	-
HIV1.cut.id_JF804807.1	815.77	1326.96	-	3505.88	0.0	-	-	-	-	10	-
HIV1.cut.id_JF804808.1	1492.88	1246.4	-	2961.67	0.0	-	-	-	-	10	-
HIV1.cut.id_JF804809.1	268.56	540.99	-	379.99	-	-	-	-	-	10	-
HIV1.cut.id_JF804810.1	471.44	422.83	-	3775.96	-	-	-	-	-	10	-
HIV1.cut.id_JF804811.1	1309.55	913.52	-	1584.99	-	-	-	-	-	10	-
HIV1.cut.id_JF804812.1	265.28	1565.22	-	2912.9	0.0	-	-	-	-	10	-
HIV1.cut.id_JF804813.1	4941.76	3007.04	-	2419.71	-	-	-	-	-	10	-
HIV1.cut.id_JF804814.1	1262.12	3042.76	-	3190.38	0.0	-	-	-	-	10	-
HIV1.cut.id_JN188292.1	1991.43	1642.04	-	4597.13	-	-	-	-	-	10	-
HIV1.cut.id_JN230353.1	736.99	-	-	4177.47	-	-	-	-	-	10	-
HIV1.cut.id_JN571034.1	692.08	1492.79	2701.26	1571.21	0.0	-	-	-	-	10	-
HIV1.cut.id_JN860761.1	1785.97	-	-	3438.19	-	-	-	-	-	10	-
HIV1.cut.id_JN860762.1	2467.19	1950.81	-	1893.45	0.0	-	-	-	-	10	-
HIV1.cut.id_JN860763.1	432.37	2783.11	-	3943.79	-	-	-	-	-	10	-
HIV1.cut.id_JN860764.1	69.9	2967.36	-	7456.87	-	-	-	-	-	10	-
HIV1.cut.id_JN860765.1	552.1	1441.9	-	4043.36	0.0	-	-	-	-	10	-
HIV1.cut.id_JN860766.1	0.0	-	-	1682.13	-	-	-	-	-	10	-
HIV1.cut.id_JN860767.1	3136.55	-	-	-	-	-	-	-	-	10	-
HIV1.cut.id_JN860768.1	948.37	532.27	-	2992.52	-	-	-	-	-	10	-
HIV1.cut.id_JN860769.1	326.36	3385.05	-	3766.97	-	-	-	-	-	10	-
HIV1.cut.id_JQ316126.1	1794.28	-	-	1253.92	0.0	-	-	-	-	10	-
HIV1.cut.id_JQ316127.2	3440.45	0.0	-	1187.4	57.87	-	-	-	-	10	-
HIV1.cut.id_JQ316128.1	1569.1	-	-	2097.68	-	-	-	-	-	10	-
HIV1.cut.id_JQ316129.1	836.32	-	-	4522.61	0.0	-	-	-	-	10	-
HIV1.cut.id_JQ316130.1	1561.31	-	0.0	17442.26	98.14	-	-	-	-	10	-
HIV1.cut.id_JQ316131.1	0.0	1031.99	0.0	7158.54	-	-	-	-	-	10	-
HIV1.cut.id_JQ316132.1	19.5	1435.94	-	1210.65	0.0	-	-	-	-	10	-
HIV1.cut.id_JQ316133.1	536.76	1274.27	89.69	827.89	0.0	-	-	-	-	10	-
HIV1.cut.id_JQ316134.1	2077.26	-	0.0	3041.64	0.0	-	-	-	-	10	-
HIV1.cut.id_JQ316135.1	0.0	99.5	-	5585.59	-	-	-	-	-	10	-
HIV1.cut.id_JQ316136.1	2940.53	2218.0	-	1390.37	1006.71	-	-	-	-	10	-
HIV1.cut.id_JQ316137.1	1351.55	2517.48	-	3580.1	-	-	-	-	-	10	-
HIV1.cut.id_JQ316138.1	242.42	242.52	-	1192.98	-	-	-	-	-	10	-
HIV1.cut.id_JQ341411.1	1349.82	2298.31	-	1561.22	1592.04	-	-	-	-	10	-
HIV1.cut.id_JQ429433.2	1365.81	0.0	-	63.86	-	-	-	-	-	10	-
HIV1.cut.id_JX503071.1	366.69	-	-	4040.65	-	-	-	-	-	10	-
HIV1.cut.id_JX503072.1	483.84	1345.61	-	3429.68	1956.95	-	-	-	-	10	-
HIV1.cut.id_JX503073.1	6449.82	-	-	2597.4	-	-	-	-	-	10	-
HIV1.cut.id_JX503074.1	481.35	204.78	-	1322.2	-	-	-	-	-	10	-
HIV1.cut.id_JX503075.1	1732.28	1535.97	-	1526.03	-	-	-	-	-	10	-
HIV1.cut.id_JX503076.1	2158.69	-	-	2392.03	-	-	-	-	-	10	-
HIV1.cut.id_JX503077.1	2726.41	-	-	4779.41	-	-	-	-	-	10	-
HIV1.cut.id_JX503078.1	936.06	1359.22	-	-	-	-	-	-	-	10	-
HIV1.cut.id_JX503080.1	2079.49	1533.74	-	-	-	-	-	-	-	10	-
HIV1.cut.id_JX503081.1	198.22	-	-	256.74	-	-	-	-	-	10	-
HIV1.cut.id_JX503082.1	-	1225.74	-	3133.51	188.32	-	-	-	-	10	-
HIV1.cut.id_JX503083.1	912.88	-	-	3638.06	-	-	-	-	-	10	-
HIV1.cut.id_JX574661.1	3156.32	-	-	3021.61	-	-	-	-	-	10	-
HIV1.cut.id_JX574662.1	3854.75	-	-	3012.44	-	-	-	-	-	10	-
HIV1.cut.id_JX574663.1	4186.83	977.44	-	4651.95	-	-	-	-	-	10	-
HIV1.cut.id_K02007.1	2419.35	-	-	3280.84	-	-	-	-	-	10	-
HIV1.cut.id_K02013.1	3535.77	-	-	7127.88	3829.79	-	-	-	-	10	-
HIV1.cut.id_K02083.1	818.28	-	-	3556.31	-	-	-	-	-	10	-
HIV1.cut.id_K03454.1	0.0	107.57	-	1402.28	0.0	-	-	-	-	10	-
HIV1.cut.id_K03455.1	-	-	-	1829.27	-	-	-	-	-	10	-
HIV1.cut.id_KC156114.1	44.17	-	-	3177.66	0.0	-	-	-	-	10	-
HIV1.cut.id_KC156115.1	1525.86	99.68	-	1716.5	428.08	-	-	-	-	10	-
HIV1.cut.id_KC156116.1	1467.51	-	-	6473.76	185.87	-	-	-	-	10	-
HIV1.cut.id_KC156117.1	2275.73	2523.93	-	2742.07	-	-	-	-	-	10	-
HIV1.cut.id_KC156118.1	2024.01	-	-	6173.75	296.52	-	-	-	-	10	-
HIV1.cut.id_KC156119.1	4982.99	567.7	-	-	-	-	-	-	-	10	-
HIV1.cut.id_KC156120.1	1418.69	1406.8	-	1292.93	-	-	-	-	-	10	-
HIV1.cut.id_KC156121.1	3674.14	2339.18	-	3069.0	-	-	-	-	-	10	-
HIV1.cut.id_KC156122.1	295.54	738.4	-	2906.98	1427.79	-	-	-	-	10	-
HIV1.cut.id_KC156123.1	-	1074.96	-	1324.92	-	-	-	-	-	10	-
HIV1.cut.id_KC156124.1	2610.15	-	-	3372.84	-	-	-	-	-	10	-
HIV1.cut.id_KC156125.1	198.36	0.0	-	5962.96	-	-	-	-	-	10	-
HIV1.cut.id_KC156126.1	669.46	-	0.0	3540.11	284.9	-	-	-	-	10	-
HIV1.cut.id_KC156127.1	1190.96	-	1008.25	1501.15	-	-	-	-	-	10	-
HIV1.cut.id_KC156128.1	652.13	765.18	1179.67	2455.09	990.36	-	-	-	-	10	-
HIV1.cut.id_KC156129.1	259.86	1558.04	423.22	9407.41	0.0	-	-	-	-	10	-
HIV1.cut.id_KC156130.1	741.98	323.0	-	8089.67	-	-	-	-	-	10	-
HIV1.cut.id_KC156210.1	0.0	3842.87	-	4647.5	0.0	-	-	-	-	10	-
HIV1.cut.id_KC156211.1	2929.64	970.46	-	3329.78	478.47	-	-	-	-	10	-
HIV1.cut.id_KC156212.1	32.84	1824.4	77.4	2830.19	4075.83	-	-	-	-	10	-
HIV1.cut.id_KC156213.1	427.2	924.81	-	1574.23	398.41	-	-	-	-	10	-
HIV1.cut.id_KC156214.1	997.91	768.86	-	3269.07	-	-	-	-	-	10	-
HIV1.cut.id_KC156215.1	441.01	2006.34	2840.91	3079.46	-	-	-	-	-	10	-
HIV1.cut.id_KC156216.1	152.4	536.19	-	4089.0	1473.48	-	-	-	-	10	-
HIV1.cut.id_KC156217.1	573.45	283.77	-	725.39	-	-	-	-	-	10	-
HIV1.cut.id_KC156218.1	65.64	2096.44	1654.53	3306.3	212.01	-	-	-	-	10	-
HIV1.cut.id_KC156219.1	6015.04	-	-	4361.87	93.98	-	-	-	-	10	-
HIV1.cut.id_KC156220.1	2229.58	446.1	335.29	2535.93	-	-	-	-	-	10	-
HIV1.cut.id_KC156221.1	0.0	0.0	-	565.31	-	-	-	-	-	10	-
HIV1.cut.id_KC492737.1	1186.49	-	-	4896.91	-	-	-	-	-	10	-
HIV1.cut.id_KC492738.1	1220.58	379.2	-	3566.16	662.25	-	-	-	-	10	-
HIV1.cut.id_KC503852.1	4007.69	-	-	7080.2	-	-	-	-	-	10	-
HIV1.cut.id_KC503853.1	697.47	-	-	4220.18	-	-	-	-	-	10	-
HIV1.cut.id_KC503854.1	4322.6	-	-	6029.52	-	-	-	-	-	10	-
HIV1.cut.id_KC503855.1	3148.39	65.66	171.82	9875.2	-	-	-	-	-	10	-
HIV1.cut.id_KC522031.1	1093.64	2495.38	-	-	-	-	-	-	-	10	-
HIV1.cut.id_KC522032.1	2459.39	-	-	2285.42	-	-	-	-	-	10	-
HIV1.cut.id_KC522033.1	569.44	-	-	-	-	-	-	-	-	10	-
HIV1.cut.id_KC522034.1	1426.65	2587.06	-	1473.0	-	-	-	-	-	10	-
HIV1.cut.id_KC852172.1	842.73	648.77	-	1808.38	720.98	-	-	-	-	10	-
HIV1.cut.id_KC852173.1	-	-	-	761.61	-	-	-	-	-	10	-
HIV1.cut.id_KC852174.1	1109.49	-	-	-	-	-	-	-	-	10	-
HIV1.cut.id_KC898975.1	120.39	125.63	-	5596.85	-	-	-	-	-	10	-
HIV1.cut.id_KC898976.1	241.27	-	-	-	0.0	-	-	-	-	10	-
HIV1.cut.id_KC898977.1	1654.54	4291.04	-	4550.0	-	-	-	-	-	10	-
HIV1.cut.id_KC898978.1	39.94	-	-	3910.95	-	-	-	-	-	10	-
HIV1.cut.id_KC898979.1	0.0	1177.36	-	5373.13	-	-	-	-	-	10	-
HIV1.cut.id_KC898981.1	1302.93	1462.17	-	3875.97	0.0	-	-	-	-	10	-
HIV1.cut.id_KC898982.1	196.17	-	-	-	-	-	-	-	-	10	-
HIV1.cut.id_KC898983.1	2510.28	-	-	111.36	-	-	-	-	-	10	-
HIV1.cut.id_KC898984.1	1926.47	-	-	1601.6	-	-	-	-	-	10	-
HIV1.cut.id_KC898985.1	1035.85	795.0	0.0	1762.11	-	-	-	-	-	10	-
HIV1.cut.id_KC898986.1	609.29	1238.65	-	2129.72	-	-	-	-	-	10	-
HIV1.cut.id_KC898987.1	318.27	-	-	4917.06	-	-	-	-	-	10	-
HIV1.cut.id_KC898988.1	82.28	4237.29	-	3315.95	-	-	-	-	-	10	-
HIV1.cut.id_KC898989.1	292.01	350.14	-	2541.88	-	-	-	-	-	10	-
HIV1.cut.id_KC898990.1	428.45	385.36	-	4503.18	-	-	-	-	-	10	-
HIV1.cut.id_KC898991.1	1567.32	3317.07	-	2560.35	-	-	-	-	-	10	-
HIV1.cut.id_KC898992.1	51.31	1193.95	-	2444.56	0.0	-	-	-	-	10	-
HIV1.cut.id_KC898993.1	543.39	2586.98	-	5747.66	870.94	-	-	-	-	10	-
HIV1.cut.id_KC898994.1	1343.86	4558.82	-	-	-	-	-	-	-	10	-
HIV1.cut.id_KC898995.1	34.13	583.47	-	2736.13	-	-	-	-	-	10	-
HIV1.cut.id_KC898996.1	645.16	-	-	2351.99	-	-	-	-	-	10	-
HIV1.cut.id_KC899006.1	491.94	-	-	738.31	-	-	-	-	-	10	-
HIV1.cut.id_KC899007.1	703.03	133.93	0.0	2766.37	-	-	-	-	-	10	-
HIV1.cut.id_KC899008.1	772.2	-	-	2623.41	0.0	-	-	-	-	10	-
HIV1.cut.id_KC899009.1	0.0	2398.4	-	-	-	-	-	-	-	10	-
HIV1.cut.id_KC899010.1	12.75	807.34	0.0	2446.42	-	-	-	-	-	10	-
HIV1.cut.id_KC899011.1	313.39	1105.38	-	2877.32	-	-	-	-	-	10	-
HIV1.cut.id_KC899012.1	687.23	386.4	-	2203.86	0.0	-	-	-	-	10	-
HIV1.cut.id_KC899013.1	444.29	751.88	-	2104.87	-	-	-	-	-	10	-
HIV1.cut.id_KC899014.1	429.93	-	-	3151.35	-	-	-	-	-	10	-
HIV1.cut.id_KC899015.1	0.0	-	-	1857.36	0.0	-	-	-	-	10	-
HIV1.cut.id_KC914396.1	951.6	-	-	3145.1	-	-	-	-	-	10	-
HIV1.cut.id_KC935957.1	3368.36	1406.47	-	1923.08	-	-	-	-	-	10	-
HIV1.cut.id_KC935958.1	658.91	1385.85	0.0	390.93	0.0	-	-	-	-	10	-
HIV1.cut.id_KC935959.1	1320.1	1592.12	-	1325.44	-	-	-	-	-	10	-
HIV1.cut.id_KF234628.1	158.95	-	-	2308.03	-	-	-	-	-	10	-
HIV1.cut.id_KF425293.1	3204.6	-	-	1793.1	-	-	-	-	-	10	-
HIV1.cut.id_KF766537.1	421.33	1009.08	-	4242.98	829.43	-	-	-	-	10	-
HIV1.cut.id_KF766538.1	4677.8	-	-	5766.19	-	-	-	-	-	10	-
HIV1.cut.id_KF766539.1	1978.17	-	978.2	8735.87	-	-	-	-	-	10	-
HIV1.cut.id_KF766540.1	7042.87	3869.88	4149.38	3741.01	-	-	-	-	-	10	-
HIV1.cut.id_KF766541.1	1705.46	2446.48	-	1325.6	-	-	-	-	-	10	-
HIV1.cut.id_KF766542.1	1398.34	738.43	-	446.78	37.31	-	-	-	-	10	-
HIV1.cut.id_KF990605.1	952.8	140.65	-	-	-	-	-	-	-	10	-
HIV1.cut.id_KF990606.1	1994.65	3431.54	-	2024.97	-	-	-	-	-	10	-
HIV1.cut.id_KF990607.1	-	-	-	2438.14	-	-	-	-	-	10	-
HIV1.cut.id_KF990608.1	11.0	970.87	0.0	1348.85	189.39	-	-	-	-	10	-
HIV1.cut.id_KJ704797.1	3107.91	0.0	-	10286.6	-	-	-	-	-	10	-
HIV1.cut.id_KJ925006.1	1176.47	320.72	-	-	-	-	-	-	-	10	-
HIV1.cut.id_KM390026.1	-	4725.09	-	-	-	-	-	-	-	10	-
HIV1.cut.id_KM438031.1	194.81	-	-	-	-	-	-	-	-	10	-
HIV1.cut.id_KM438032.1	0.0	4891.3	-	1849.75	0.0	-	-	-	-	10	-
HIV1.cut.id_KP170487.1	2434.46	3946.19	-	6213.11	-	-	-	-	-	10	-
HIV1.cut.id_KP718914.1	7169.06	2422.52	-	4252.86	56.5	-	-	-	-	10	-
HIV1.cut.id_KP718915.1	3528.88	1324.27	2603.47	3623.29	0.0	-	-	-	-	10	-
HIV1.cut.id_KP718916.1	0.0	66.82	335.85	1578.05	411.16	-	-	-	-	10	-
HIV1.cut.id_KP718917.1	401.65	260.84	0.0	2355.75	0.0	-	-	-	-	10	-
HIV1.cut.id_KP718918.1	2010.85	88.03	-	1285.47	776.4	-	-	-	-	10	-
HIV1.cut.id_KP718919.1	0.0	0.0	-	3924.94	35.19	-	-	-	-	10	-
HIV1.cut.id_KP718920.1	0.0	4864.59	493.92	1160.86	182.94	-	-	-	-	10	-
HIV1.cut.id_KP718921.1	0.0	3319.84	-	981.87	-	-	-	-	-	10	-
HIV1.cut.id_KP718922.1	175.11	690.13	2548.1	2875.35	841.02	-	-	-	-	10	-
HIV1.cut.id_KP718923.1	0.0	2038.01	0.0	1966.02	491.96	-	-	-	-	10	-
HIV1.cut.id_KP718924.1	67.61	2955.17	1438.16	4636.67	0.0	-	-	-	-	10	-
HIV1.cut.id_KP718925.1	11.07	1415.09	-	3262.41	0.0	-	-	-	-	10	-
HIV1.cut.id_KP718926.1	22.46	588.98	4472.05	5278.37	0.0	-	-	-	-	10	-
HIV1.cut.id_KP718927.1	0.0	1227.15	4512.53	1352.01	339.04	-	-	-	-	10	-
HIV1.cut.id_KP718928.1	7077.5	656.35	0.0	1996.7	0.0	-	-	-	-	10	-
HIV1.cut.id_KP718929.1	0.0	2853.07	0.0	5000.67	0.0	-	-	-	-	10	-
HIV1.cut.id_KP718930.1	2030.63	0.0	1379.31	1342.93	0.0	-	-	-	-	10	-
HIV1.cut.id_KP718931.1	78.4	471.7	0.0	2277.99	642.36	-	-	-	-	10	-
HIV1.cut.id_KP718932.1	1083.92	2181.03	632.91	2220.99	1864.7	-	-	-	-	10	-
HIV1.cut.id_KP718933.1	135.26	91.7	557.32	4338.97	0.0	-	-	-	-	10	-
HIV1.cut.id_KP718934.1	817.95	2326.51	488.2	5586.36	0.0	-	-	-	-	10	-
HIV1.cut.id_KP718935.1	806.82	1447.74	1670.15	1160.38	62.21	-	-	-	-	10	-
HIV1.cut.id_KP718936.1	2247.69	2609.8	-	4833.69	0.0	-	-	-	-	10	-
HIV1.cut.id_KP718937.1	367.01	-	2707.58	1708.34	0.0	-	-	-	-	10	-
HIV1.cut.id_KP718938.1	1460.03	2133.68	1699.24	741.76	0.0	-	-	-	-	10	-
HIV1.cut.id_KT022360.1	3838.22	2897.84	2675.59	958.22	0.0	-	-	-	-	10	-
HIV1.cut.id_KT022361.1	1325.8	2825.05	128.53	3419.3	274.25	-	-	-	-	10	-
HIV1.cut.id_KT022362.1	0.0	-	-	2817.82	-	-	-	-	-	10	-
HIV1.cut.id_KT022363.1	281.07	1686.12	2653.63	1093.53	0.0	-	-	-	-	10	-
HIV1.cut.id_KT022364.1	0.0	983.34	2110.09	2393.32	0.0	-	-	-	-	10	-
HIV1.cut.id_KT022365.1	0.0	-	80.13	2893.42	0.0	-	-	-	-	10	-
HIV1.cut.id_KT022366.1	0.0	-	-	3656.37	4059.41	-	-	-	-	10	-
HIV1.cut.id_KT022367.1	485.76	3227.77	1658.99	653.41	0.0	-	-	-	-	10	-
HIV1.cut.id_KT022368.1	0.0	1241.64	63.45	4157.01	0.0	-	-	-	-	10	-
HIV1.cut.id_KT022369.1	253.5	0.0	-	2861.26	-	-	-	-	-	10	-
HIV1.cut.id_KT022370.1	39.72	1408.45	0.0	694.44	195.79	-	-	-	-	10	-
HIV1.cut.id_KT022371.1	346.3	0.0	0.0	3551.64	0.0	-	-	-	-	10	-
HIV1.cut.id_KT022372.1	288.71	0.0	0.0	3449.14	0.0	-	-	-	-	10	-
HIV1.cut.id_KT022373.1	547.95	37.71	-	1397.85	0.0	-	-	-	-	10	-
HIV1.cut.id_KT022374.1	24.92	0.0	4935.37	7183.84	168.07	-	-	-	-	10	-
HIV1.cut.id_KT022375.1	287.89	0.0	152.21	2640.85	0.0	-	-	-	-	10	-
HIV1.cut.id_KT022376.1	1181.6	-	-	2383.53	624.13	-	-	-	-	10	-
HIV1.cut.id_KT022377.1	731.51	115.87	1040.72	2522.6	627.39	-	-	-	-	10	-
HIV1.cut.id_KT022378.1	1523.26	145.82	2210.72	1453.22	0.0	-	-	-	-	10	-
HIV1.cut.id_KT022379.1	5785.03	566.25	1169.59	4732.72	855.63	-	-	-	-	10	-
HIV1.cut.id_KT022380.1	1524.53	2791.88	0.0	3131.02	196.46	-	-	-	-	10	-
HIV1.cut.id_KT022381.1	1386.5	904.85	535.12	2656.12	0.0	-	-	-	-	10	-
HIV1.cut.id_KT022382.1	0.0	134.92	-	2203.39	0.0	-	-	-	-	10	-
HIV1.cut.id_KT022383.1	206.19	519.82	-	3575.21	60.5	-	-	-	-	10	-
HIV1.cut.id_KT022384.1	421.64	1457.32	1782.53	2249.91	-	-	-	-	-	10	-
HIV1.cut.id_KT022385.1	754.03	176.57	0.0	2556.62	0.0	-	-	-	-	10	-
HIV1.cut.id_KT022386.1	0.0	2053.57	3519.06	2302.2	0.0	-	-	-	-	10	-
HIV1.cut.id_KT022387.1	0.0	1439.61	0.0	2744.32	0.0	-	-	-	-	10	-
HIV1.cut.id_KT022388.1	1266.26	888.89	1581.36	7238.61	25.74	-	-	-	-	10	-
HIV1.cut.id_KT022389.1	643.53	0.0	-	2909.44	0.0	-	-	-	-	10	-
HIV1.cut.id_KT022390.1	23.1	1390.82	-	2673.27	0.0	-	-	-	-	10	-
HIV1.cut.id_KT022391.1	884.0	2278.48	56.92	1473.0	0.0	-	-	-	-	10	-
HIV1.cut.id_KT022392.1	51.77	0.0	0.0	4531.82	38.82	-	-	-	-	10	-
HIV1.cut.id_KT022393.1	206.26	0.0	3581.46	1737.05	0.0	-	-	-	-	10	-
HIV1.cut.id_KT022394.1	2427.63	1259.51	2395.44	2461.44	0.0	-	-	-	-	10	-
HIV1.cut.id_KT022395.1	0.0	136.8	-	0.0	0.0	-	-	-	-	10	-
HIV1.cut.id_KT022396.1	0.0	1541.25	-	11117.29	143.27	-	-	-	-	10	-
HIV1.cut.id_KT022397.1	622.98	701.14	1008.4	1774.85	0.0	-	-	-	-	10	-
HIV1.cut.id_KT022398.1	2602.91	1505.31	4626.33	2615.06	0.0	-	-	-	-	10	-
HIV1.cut.id_KT022399.1	1406.97	2541.3	-	657.13	584.31	-	-	-	-	10	-
HIV1.cut.id_KT022400.1	0.0	0.0	5920.21	34.14	0.0	-	-	-	-	10	-
HIV1.cut.id_KT022401.1	0.0	-	-	677.28	25.62	-	-	-	-	10	-
HIV1.cut.id_KT022402.1	354.08	823.37	1712.47	3000.12	170.89	-	-	-	-	10	-
HIV1.cut.id_KT022403.1	275.98	2315.63	0.0	177.71	0.0	-	-	-	-	10	-
HIV1.cut.id_KT022404.1	148.0	400.96	3790.75	635.75	0.0	-	-	-	-	10	-
HIV1.cut.id_KT022405.1	515.46	0.0	449.44	2413.72	39.26	-	-	-	-	10	-
HIV1.cut.id_KT022406.1	0.0	567.21	1711.71	2537.65	0.0	-	-	-	-	10	-
HIV1.cut.id_KT022407.1	0.0	4330.48	1479.65	2562.72	315.56	-	-	-	-	10	-
HIV1.cut.id_KT022408.1	0.0	0.0	-	2744.87	0.0	-	-	-	-	10	-
HIV1.cut.id_KT022409.1	229.12	0.0	1784.63	1642.42	1017.72	-	-	-	-	10	-
HIV1.cut.id_KT022410.1	0.0	444.82	-	4828.33	0.0	-	-	-	-	10	-
HIV1.cut.id_KT022411.1	864.69	946.85	-	3096.64	0.0	-	-	-	-	10	-
HIV1.cut.id_KT022412.1	358.25	-	0.0	2320.23	0.0	-	-	-	-	10	-
HIV1.cut.id_KT022413.1	1013.35	2956.9	3846.15	3595.21	0.0	-	-	-	-	10	-
HIV1.cut.id_KT022414.1	0.0	736.74	-	2221.4	0.0	-	-	-	-	10	-
HIV1.cut.id_KT022415.1	724.47	312.99	-	2253.46	545.22	-	-	-	-	10	-
HIV1.cut.id_KT022416.1	572.23	0.0	-	2295.16	0.0	-	-	-	-	10	-
HIV1.cut.id_KT022417.1	0.0	573.81	107.44	1385.73	0.0	-	-	-	-	10	-
HIV1.cut.id_KT200348.1	1489.13	-	-	-	-	-	-	-	-	10	-
HIV1.cut.id_KT200349.1	34.88	1289.28	0.0	1709.4	0.0	-	-	-	-	10	-
HIV1.cut.id_KT200350.1	631.98	2716.59	1088.93	381.52	0.0	-	-	-	-	10	-
HIV1.cut.id_KT200351.1	1298.38	0.0	-	2222.75	-	-	-	-	-	10	-
HIV1.cut.id_KT200352.1	0.0	387.1	92.42	1349.14	296.44	-	-	-	-	10	-
HIV1.cut.id_KT200353.1	85.55	453.0	-	3619.68	0.0	-	-	-	-	10	-
HIV1.cut.id_KT200354.1	711.48	290.46	173.01	2320.25	0.0	-	-	-	-	10	-
HIV1.cut.id_KT200355.1	0.0	0.0	-	4250.92	0.0	-	-	-	-	10	-
HIV1.cut.id_KT200356.1	409.51	528.93	-	2596.03	0.0	-	-	-	-	10	-
HIV1.cut.id_KT200357.1	58.07	2577.32	-	6461.64	0.0	-	-	-	-	10	-
HIV1.cut.id_KT200358.1	2128.16	759.73	2030.95	120.34	0.0	-	-	-	-	10	-
HIV1.cut.id_KT259308.1	-	-	-	-	-	-	-	-	-	10	-
HIV1.cut.id_KT259309.1	-	-	-	-	-	-	-	-	-	10	-
HIV1.cut.id_KT259310.1	-	-	-	2631.58	-	-	-	-	-	10	-
HIV1.cut.id_KT259311.1	592.53	-	-	-	-	-	-	-	-	10	-
HIV1.cut.id_KT259312.1	4013.93	-	-	13381.29	-	-	-	-	-	10	-
HIV1.cut.id_KT259313.1	598.8	-	-	-	-	-	-	-	-	10	-
HIV1.cut.id_KT259314.1	475.69	3723.4	-	4946.65	-	-	-	-	-	10	-
HIV1.cut.id_KT259315.1	-	-	-	3846.15	-	-	-	-	-	10	-
HIV1.cut.id_KT259316.1	821.06	-	-	770.42	-	-	-	-	-	10	-
HIV1.cut.id_KT259317.1	-	-	-	4222.22	-	-	-	-	-	10	-
HIV1.cut.id_KT259318.1	831.23	4989.6	4248.37	3481.89	-	-	-	-	-	10	-
HIV1.cut.id_KT259319.1	3530.63	-	-	-	-	-	-	-	-	10	-
HIV1.cut.id_KT284371.1	-	-	-	-	732.6	-	-	-	-	10	-
HIV1.cut.id_KT284372.1	270.92	-	-	1308.14	-	-	-	-	-	10	-
HIV1.cut.id_KT284373.1	-	-	-	5597.87	-	-	-	-	-	10	-
HIV1.cut.id_KT284374.1	2256.41	740.74	546.02	494.07	-	-	-	-	-	10	-
HIV1.cut.id_KT284375.1	-	-	-	-	1239.28	-	-	-	-	10	-
HIV1.cut.id_KT284376.1	1579.36	1175.78	-	-	-	-	-	-	-	10	-
HIV1.cut.id_KT284377.1	-	0.0	-	-	-	-	-	-	-	10	-
HIV1.cut.id_KT284378.1	976.31	-	-	1337.53	-	-	-	-	-	10	-
HIV1.cut.id_KT372798.1	2764.23	-	-	2405.06	-	-	-	-	-	10	-
HIV1.cut.id_KT427649.1	3846.15	157.56	-	3381.47	-	-	-	-	-	10	-
HIV1.cut.id_KT427650.1	0.0	910.83	-	1660.61	1022.05	-	-	-	-	10	-
HIV1.cut.id_KT427651.1	232.42	3701.59	-	923.93	0.0	-	-	-	-	10	-
HIV1.cut.id_KT427670.1	0.0	3427.0	-	1490.2	105.99	-	-	-	-	10	-
HIV1.cut.id_KT427671.1	924.11	387.6	2482.68	3014.93	112.7	-	-	-	-	10	-
HIV1.cut.id_KT427674.1	1332.89	0.0	-	3917.8	168.35	-	-	-	-	10	-
HIV1.cut.id_KT427675.1	23.0	811.91	-	3625.69	-	-	-	-	-	10	-
HIV1.cut.id_KT427676.1	599.15	2898.55	-	3789.47	0.0	-	-	-	-	10	-
HIV1.cut.id_KT427692.1	6424.49	1188.71	-	3781.63	1943.46	-	-	-	-	10	-
HIV1.cut.id_KT427698.1	0.0	1170.96	-	1694.51	1457.56	-	-	-	-	10	-
HIV1.cut.id_KT427699.1	4050.39	1082.9	2588.56	2016.43	0.0	-	-	-	-	10	-
HIV1.cut.id_KT427700.1	0.0	1211.93	-	4029.73	-	-	-	-	-	10	-
HIV1.cut.id_KT427701.1	2221.16	-	-	3210.08	-	-	-	-	-	10	-
HIV1.cut.id_KT427705.1	1270.28	-	-	2226.72	-	-	-	-	-	10	-
HIV1.cut.id_KT427706.1	0.0	3283.17	-	1026.33	-	-	-	-	-	10	-
HIV1.cut.id_KT427708.1	2398.83	-	-	3405.87	-	-	-	-	-	10	-
HIV1.cut.id_KT427709.1	177.09	1905.09	-	1151.23	988.14	-	-	-	-	10	-
HIV1.cut.id_KT427711.1	280.87	3502.42	71.99	2867.66	222.86	-	-	-	-	10	-
HIV1.cut.id_KT427715.1	80.9	426.44	-	2593.76	0.0	-	-	-	-	10	-
HIV1.cut.id_KT427716.1	0.0	353.36	155.76	1093.29	412.57	-	-	-	-	10	-
HIV1.cut.id_KT427717.1	0.0	576.86	666.67	3234.92	607.9	-	-	-	-	10	-
HIV1.cut.id_KT427718.1	0.0	1586.83	2666.67	2204.14	0.0	-	-	-	-	10	-
HIV1.cut.id_KT427719.1	4406.03	2096.77	-	57430.2	-	-	-	-	-	10	-
HIV1.cut.id_KT427720.1	1750.57	3579.95	239.23	2954.66	158.14	-	-	-	-	10	-
HIV1.cut.id_KT427721.1	28.56	1015.62	-	2007.26	0.0	-	-	-	-	10	-
HIV1.cut.id_KT427722.1	929.81	0.0	-	2551.95	-	-	-	-	-	10	-
HIV1.cut.id_KT427723.1	1373.79	2441.01	-	5288.69	-	-	-	-	-	10	-
HIV1.cut.id_KT427724.1	35.68	0.0	1788.17	1234.24	0.0	-	-	-	-	10	-
HIV1.cut.id_KT427725.1	746.47	3654.74	-	124.64	0.0	-	-	-	-	10	-
HIV1.cut.id_KT427726.1	341.48	523.56	-	1348.75	-	-	-	-	-	10	-
HIV1.cut.id_KT427727.1	3107.96	-	-	3397.46	-	-	-	-	-	10	-
HIV1.cut.id_KT427728.1	12.53	1767.57	-	1991.39	0.0	-	-	-	-	10	-
HIV1.cut.id_KT427729.1	3582.59	990.1	-	2576.27	-	-	-	-	-	10	-
HIV1.cut.id_KT427730.1	0.0	3855.62	-	1187.39	0.0	-	-	-	-	10	-
HIV1.cut.id_KT427731.1	0.0	1198.08	-	6518.9	-	-	-	-	-	10	-
HIV1.cut.id_KT427732.1	1839.76	3260.87	-	-	-	-	-	-	-	10	-
HIV1.cut.id_KT427733.1	2172.71	93.2	-	1408.45	357.96	-	-	-	-	10	-
HIV1.cut.id_KT427734.1	237.53	-	-	922.87	0.0	-	-	-	-	10	-
HIV1.cut.id_KT427735.1	454.69	-	-	3127.27	0.0	-	-	-	-	10	-
HIV1.cut.id_KT427736.1	1412.23	3512.2	-	827.97	-	-	-	-	-	10	-
HIV1.cut.id_KT427737.1	146.89	661.16	-	2662.8	1151.97	-	-	-	-	10	-
HIV1.cut.id_KT427738.1	905.51	0.0	-	-	-	-	-	-	-	10	-
HIV1.cut.id_KT427739.1	985.34	2609.51	-	3730.62	39.0	-	-	-	-	10	-
HIV1.cut.id_KT427740.1	1370.5	2529.67	-	3355.46	1931.49	-	-	-	-	10	-
HIV1.cut.id_KT427741.1	582.38	841.45	-	2483.07	-	-	-	-	-	10	-
HIV1.cut.id_KT427742.1	956.99	0.0	-	2157.76	0.0	-	-	-	-	10	-
HIV1.cut.id_KT427743.1	533.33	603.14	-	4090.8	-	-	-	-	-	10	-
HIV1.cut.id_KT427744.1	2599.49	1194.7	2731.28	2922.0	0.0	-	-	-	-	10	-
HIV1.cut.id_KT427745.1	1124.35	2122.82	302.11	1534.39	-	-	-	-	-	10	-
HIV1.cut.id_KT427746.1	0.0	765.7	0.0	2658.3	0.0	-	-	-	-	10	-
HIV1.cut.id_KT427747.1	284.73	-	-	-	-	-	-	-	-	10	-
HIV1.cut.id_KT427748.1	78.6	2439.02	-	5508.47	-	-	-	-	-	10	-
HIV1.cut.id_KT427749.1	2695.7	844.12	-	-	0.0	-	-	-	-	10	-
HIV1.cut.id_KT427750.1	120.99	2253.86	-	4833.41	0.0	-	-	-	-	10	-
HIV1.cut.id_KT427751.1	546.77	-	-	2088.01	4376.01	-	-	-	-	10	-
HIV1.cut.id_KT427752.1	295.22	-	-	1875.24	-	-	-	-	-	10	-
HIV1.cut.id_KT427753.1	1665.88	0.0	-	2808.87	0.0	-	-	-	-	10	-
HIV1.cut.id_KT427754.1	363.59	2906.09	190.84	3557.16	0.0	-	-	-	-	10	-
HIV1.cut.id_KT427755.1	362.09	0.0	-	3187.55	0.0	-	-	-	-	10	-
HIV1.cut.id_KT427756.1	1807.09	3612.85	-	2780.56	-	-	-	-	-	10	-
HIV1.cut.id_KT427757.1	11.28	2073.52	-	5933.85	0.0	-	-	-	-	10	-
HIV1.cut.id_KT427758.1	958.67	-	-	2649.66	-	-	-	-	-	10	-
HIV1.cut.id_KT427759.1	0.0	0.0	-	7417.92	-	-	-	-	-	10	-
HIV1.cut.id_KT427760.1	1727.89	2379.6	-	0.0	0.0	-	-	-	-	10	-
HIV1.cut.id_KT427761.1	136.46	1246.88	-	0.0	0.0	-	-	-	-	10	-
HIV1.cut.id_KT427762.1	28.81	-	2031.45	73.21	0.0	-	-	-	-	10	-
HIV1.cut.id_KT427763.1	1204.13	1833.87	-	7738.54	-	-	-	-	-	10	-
HIV1.cut.id_KT427764.1	158.48	389.86	-	1598.54	1857.92	-	-	-	-	10	-
HIV1.cut.id_KT427765.1	1852.59	-	-	2228.83	-	-	-	-	-	10	-
HIV1.cut.id_KT427766.1	1166.73	-	-	2019.79	0.0	-	-	-	-	10	-
HIV1.cut.id_KT427767.1	1772.03	-	-	2721.09	-	-	-	-	-	10	-
HIV1.cut.id_KT427768.1	366.25	-	-	3547.07	-	-	-	-	-	10	-
HIV1.cut.id_KT427769.1	1119.36	2353.73	-	7632.91	119.58	-	-	-	-	10	-
HIV1.cut.id_KT427770.1	229.4	1640.84	-	3824.09	2936.96	-	-	-	-	10	-
HIV1.cut.id_KT427771.1	0.0	4087.05	-	1836.13	0.0	-	-	-	-	10	-
HIV1.cut.id_KT427772.1	1654.96	3076.92	-	1082.09	-	-	-	-	-	10	-
HIV1.cut.id_KT427773.1	103.79	2044.92	1480.84	1977.71	0.0	-	-	-	-	10	-
HIV1.cut.id_KT427774.1	69.6	3193.28	202.43	2779.7	0.0	-	-	-	-	10	-
HIV1.cut.id_KT427775.1	0.0	-	-	2814.51	171.23	-	-	-	-	10	-
HIV1.cut.id_KT427776.1	207.15	-	-	5716.22	0.0	-	-	-	-	10	-
HIV1.cut.id_KT427777.1	616.76	568.18	-	-	-	-	-	-	-	10	-
HIV1.cut.id_KT427778.1	0.0	1220.93	-	3023.36	0.0	-	-	-	-	10	-
HIV1.cut.id_KT427779.1	644.1	343.64	-	4351.85	-	-	-	-	-	10	-
HIV1.cut.id_KT427780.1	327.48	-	-	519.98	0.0	-	-	-	-	10	-
HIV1.cut.id_KT427781.1	477.39	-	191.94	1602.42	1439.71	-	-	-	-	10	-
HIV1.cut.id_KT427782.1	0.0	4240.11	-	1817.07	128.48	-	-	-	-	10	-
HIV1.cut.id_KT427783.1	0.0	4241.52	-	-	-	-	-	-	-	10	-
HIV1.cut.id_KT427784.1	1569.88	40.31	3088.8	106.16	-	-	-	-	-	10	-
HIV1.cut.id_KT427785.1	21.97	958.69	403.95	1829.86	0.0	-	-	-	-	10	-
HIV1.cut.id_KT427786.1	225.84	29.59	-	3541.19	0.0	-	-	-	-	10	-
HIV1.cut.id_KT427787.1	0.0	4015.67	-	1814.88	-	-	-	-	-	10	-
HIV1.cut.id_KT427788.1	0.0	-	-	-	-	-	-	-	-	10	-
HIV1.cut.id_KT427789.1	1209.77	0.0	-	3873.72	44.23	-	-	-	-	10	-
HIV1.cut.id_KT427790.1	2608.81	85.4	-	913.38	0.0	-	-	-	-	10	-
HIV1.cut.id_KT427791.1	515.59	623.44	-	2335.46	0.0	-	-	-	-	10	-
HIV1.cut.id_KT427792.1	399.85	1382.84	-	5012.06	0.0	-	-	-	-	10	-
HIV1.cut.id_KT427794.1	559.39	1738.41	-	2654.11	689.66	-	-	-	-	10	-
HIV1.cut.id_KT427795.1	1192.02	1282.66	-	3436.64	0.0	-	-	-	-	10	-
HIV1.cut.id_KT427796.1	442.01	877.71	0.0	1612.9	407.61	-	-	-	-	10	-
HIV1.cut.id_KT427797.1	0.0	1221.08	2269.36	1387.47	0.0	-	-	-	-	10	-
HIV1.cut.id_KT427798.1	314.47	-	1139.14	3352.81	195.81	-	-	-	-	10	-
HIV1.cut.id_KT427799.1	35.43	1034.3	-	1014.34	0.0	-	-	-	-	10	-
HIV1.cut.id_KT427800.1	169.92	1575.71	-	6383.39	0.0	-	-	-	-	10	-
HIV1.cut.id_KT427801.1	0.0	378.79	910.6	3757.73	34.71	-	-	-	-	10	-
HIV1.cut.id_KT427803.1	456.51	1140.82	0.0	1145.88	0.0	-	-	-	-	10	-
HIV1.cut.id_KT427805.1	758.79	-	298.51	579.71	0.0	-	-	-	-	10	-
HIV1.cut.id_KT427806.1	657.61	2016.99	-	5976.43	282.29	-	-	-	-	10	-
HIV1.cut.id_KT427807.1	820.01	1090.91	-	3650.49	0.0	-	-	-	-	10	-
HIV1.cut.id_KT427808.1	1646.6	-	2279.87	5416.43	0.0	-	-	-	-	10	-
HIV1.cut.id_KT427809.1	2093.83	729.93	-	1997.34	389.11	-	-	-	-	10	-
HIV1.cut.id_KT427810.1	0.0	-	-	2361.04	-	-	-	-	-	10	-
HIV1.cut.id_KT427815.1	0.0	0.0	3330.16	0.0	0.0	-	-	-	-	10	-
HIV1.cut.id_KT427816.1	2319.36	484.65	-	2507.55	1338.2	-	-	-	-	10	-
HIV1.cut.id_KT427817.1	3417.85	826.85	-	8794.47	-	-	-	-	-	10	-
HIV1.cut.id_KT427818.1	631.51	-	-	5450.17	0.0	-	-	-	-	10	-
HIV1.cut.id_KT427819.1	0.0	832.07	-	2490.87	0.0	-	-	-	-	10	-
HIV1.cut.id_KT427820.1	0.0	537.44	-	2857.76	0.0	-	-	-	-	10	-
HIV1.cut.id_KT427823.1	0.0	626.68	-	1357.83	316.46	-	-	-	-	10	-
HIV1.cut.id_KT427824.1	1212.0	118.91	-	-	-	-	-	-	-	10	-
HIV1.cut.id_KT427825.1	972.71	3209.88	-	1870.03	0.0	-	-	-	-	10	-
HIV1.cut.id_KT427826.1	743.97	735.05	-	2579.3	0.0	-	-	-	-	10	-
HIV1.cut.id_KT427827.1	544.39	-	-	2611.31	0.0	-	-	-	-	10	-
HIV1.cut.id_KT427828.1	281.88	2930.73	-	1289.44	0.0	-	-	-	-	10	-
HIV1.cut.id_KT427829.1	0.0	1452.08	-	2283.59	-	-	-	-	-	10	-
HIV1.cut.id_KT427830.1	0.0	1639.94	1853.49	2388.73	892.48	-	-	-	-	10	-
HIV1.cut.id_KT427831.1	2071.39	1547.53	-	-	1821.49	-	-	-	-	10	-
HIV1.cut.id_KT427865.1	902.69	0.0	-	2909.98	0.0	-	-	-	-	10	-
HIV1.cut.id_KT427869.1	921.73	-	-	2254.9	-	-	-	-	-	10	-
HIV1.cut.id_KT427870.1	0.0	1699.88	-	3301.57	1009.46	-	-	-	-	10	-
HIV1.cut.id_KT427872.1	0.0	195.48	-	3984.93	-	-	-	-	-	10	-
HIV1.cut.id_KT427873.1	2263.08	-	-	2184.24	-	-	-	-	-	10	-
HIV1.cut.id_KT438782.1	30.43	4047.22	-	4203.64	-	-	-	-	-	10	-
HIV1.cut.id_KT438783.1	528.44	-	-	4317.73	-	-	-	-	-	10	-
HIV1.cut.id_KT438784.1	3942.95	3167.64	-	3281.52	-	-	-	-	-	10	-
HIV1.cut.id_KT982201.1	355.82	3413.94	863.56	2664.35	0.0	-	-	-	-	10	-
HIV1.cut.id_KU161143.1	722.63	625.63	-	3056.09	-	-	-	-	-	10	-
HIV1.cut.id_KU161144.1	212.49	3404.54	-	3037.57	-	-	-	-	-	10	-
HIV1.cut.id_KU161145.1	107.53	200.8	1163.92	331.86	0.0	-	-	-	-	10	-
HIV1.cut.id_KU168256.1	448.82	1011.9	0.0	3069.98	0.0	-	-	-	-	10	-
HIV1.cut.id_KU168257.1	0.0	0.0	-	1066.26	-	-	-	-	-	10	-
HIV1.cut.id_KU168258.1	570.16	372.09	-	-	-	-	-	-	-	10	-
HIV1.cut.id_KU168259.1	994.06	0.0	-	4676.52	-	-	-	-	-	10	-
HIV1.cut.id_KU168260.1	1488.5	496.86	3051.11	4862.09	0.0	-	-	-	-	10	-
HIV1.cut.id_KU168261.1	0.0	0.0	0.0	4210.8	-	-	-	-	-	10	-
HIV1.cut.id_KU168262.1	1231.04	574.16	3109.24	6456.63	0.0	-	-	-	-	10	-
HIV1.cut.id_KU168263.1	0.0	490.8	-	12486.48	146.03	-	-	-	-	10	-
HIV1.cut.id_KU168264.1	2804.09	3872.75	-	2690.97	-	-	-	-	-	10	-
HIV1.cut.id_KU168265.1	120.67	769.82	-	416.67	0.0	-	-	-	-	10	-
HIV1.cut.id_KU168266.1	592.56	0.0	0.0	3761.15	153.95	-	-	-	-	10	-
HIV1.cut.id_KU168267.1	394.5	61.61	3208.56	1838.24	108.85	-	-	-	-	10	-
HIV1.cut.id_KU168268.1	0.0	833.33	-	3325.59	0.0	-	-	-	-	10	-
HIV1.cut.id_KU168269.1	583.87	600.92	1292.71	1811.46	0.0	-	-	-	-	10	-
HIV1.cut.id_KU168270.1	1273.33	176.94	0.0	2295.0	0.0	-	-	-	-	10	-
HIV1.cut.id_KU168271.1	306.18	2508.67	538.32	423.53	20.26	-	-	-	-	10	-
HIV1.cut.id_KU168272.1	76.1	3369.24	1846.85	3930.19	0.0	-	-	-	-	10	-
HIV1.cut.id_KU168273.1	4218.25	544.17	1141.55	1350.04	167.85	-	-	-	-	10	-
HIV1.cut.id_KU168274.1	759.06	1509.29	2000.0	2817.23	39.0	-	-	-	-	10	-
HIV1.cut.id_KU168275.1	1596.56	974.84	662.98	1151.83	454.55	-	-	-	-	10	-
HIV1.cut.id_KU168276.1	4811.95	2738.49	-	4572.22	0.0	-	-	-	-	10	-
HIV1.cut.id_KU168277.1	176.76	1004.02	1130.43	3940.95	0.0	-	-	-	-	10	-
HIV1.cut.id_KU168278.1	1789.42	-	0.0	1710.57	0.0	-	-	-	-	10	-
HIV1.cut.id_KU168279.1	308.23	490.4	90.09	353.95	0.0	-	-	-	-	10	-
HIV1.cut.id_KU168280.1	0.0	311.33	0.0	4993.11	132.01	-	-	-	-	10	-
HIV1.cut.id_KU168281.1	6026.45	1106.78	1321.82	2957.73	0.0	-	-	3073.29	-	10	-
HIV1.cut.id_KU168282.1	946.37	723.83	1908.88	2022.32	35.75	-	-	-	-	10	-
HIV1.cut.id_KU168283.1	11758.91	163.27	1083.74	3468.71	-	-	-	-	-	10	-
HIV1.cut.id_KU168284.1	6090.82	704.64	541.22	3476.94	441.1	-	-	-	-	10	-
HIV1.cut.id_KU168285.1	2968.46	0.0	1996.2	2626.89	0.0	-	-	-	-	10	-
HIV1.cut.id_KU168286.1	9730.2	738.97	1048.22	4519.45	356.87	-	-	-	-	10	-
HIV1.cut.id_KU168288.1	2466.86	3721.19	-	3033.25	0.0	-	-	-	-	10	-
HIV1.cut.id_KU168289.1	9451.98	0.0	725.95	1834.7	0.0	-	-	-	-	10	-
HIV1.cut.id_KU168290.1	5060.68	84.94	1292.57	3246.75	349.56	-	-	-	-	10	-
HIV1.cut.id_KU168291.1	14835.28	612.87	-	1666.33	0.0	-	-	-	-	10	-
HIV1.cut.id_KU168292.1	4008.62	1789.51	0.0	3861.0	90.39	-	-	-	-	10	-
HIV1.cut.id_KU168293.1	4351.61	1033.55	1809.34	795.29	1553.29	-	-	-	-	10	-
HIV1.cut.id_KU168294.1	1272.15	2704.58	213.07	414.08	0.0	-	-	-	-	10	-
HIV1.cut.id_KU168295.1	3472.3	751.37	298.51	2380.09	0.0	-	-	-	-	10	-
HIV1.cut.id_KU168296.1	4915.73	644.33	-	992.75	-	-	-	3944.5	-	10	-
HIV1.cut.id_KU168297.1	14056.57	1092.04	0.0	2269.04	215.36	-	-	-	-	10	-
HIV1.cut.id_KU168298.1	21.71	-	1205.84	6266.23	-	-	-	0.0	-	10	-
HIV1.cut.id_KU168299.1	1210.92	3429.1	-	17893.07	0.0	-	-	-	-	10	-
HIV1.cut.id_KU168300.1	2303.89	884.96	4991.68	1185.94	0.0	-	-	-	-	10	-
HIV1.cut.id_KU168301.1	1420.7	1533.35	2782.19	1808.52	0.0	-	-	-	-	10	-
HIV1.cut.id_KU168302.1	722.5	0.0	-	3450.73	1012.77	-	-	-	-	10	-
HIV1.cut.id_KU168303.1	0.0	848.11	3391.3	4389.37	0.0	-	-	-	-	10	-
HIV1.cut.id_KU168304.1	0.0	800.53	1988.3	2517.99	0.0	-	-	-	-	10	-
HIV1.cut.id_KU168305.1	0.0	1992.75	-	4478.98	158.14	-	-	-	-	10	-
HIV1.cut.id_KU168306.1	1683.91	349.96	0.0	4323.18	0.0	-	-	-	-	10	-
HIV1.cut.id_KU168307.1	3480.56	0.0	116.75	4124.07	0.0	-	-	-	-	10	-
HIV1.cut.id_KU168308.1	1421.02	3245.44	-	3638.06	-	-	-	-	-	10	-
HIV1.cut.id_KU168309.1	155.58	-	-	1344.69	-	-	-	-	-	10	-
HIV1.cut.id_KU168310.1	560.19	0.0	3815.66	2266.2	0.0	-	-	-	-	10	-
HIV1.cut.id_KU168311.1	2620.43	2393.73	2225.27	3099.23	70.08	-	-	-	-	10	-
HIV1.cut.id_KU501256.1	1422.58	564.33	-	3615.2	-	-	-	-	-	10	-
HIV1.cut.id_KU501257.1	266.48	469.15	-	2628.38	355.03	-	-	-	-	10	-
HIV1.cut.id_KU612900.1	0.0	-	-	7368.42	-	-	-	-	-	10	-
HIV1.cut.id_KU612901.1	2668.32	3002.31	-	493.02	0.0	-	-	-	-	10	-
HIV1.cut.id_KU641402.1	417.54	3257.1	-	1827.24	0.0	-	-	-	-	10	-
HIV1.cut.id_KU677989.1	1125.4	-	-	3876.79	-	-	-	-	-	10	-
HIV1.cut.id_KU677990.1	3159.31	257.73	-	1488.59	-	-	-	-	-	10	-
HIV1.cut.id_KU677991.1	818.33	473.42	-	1870.41	-	-	-	-	-	10	-
HIV1.cut.id_KU677992.1	191.44	-	-	6106.87	-	-	-	-	-	10	-
HIV1.cut.id_KU677993.1	1946.47	700.81	-	2491.0	-	-	-	-	-	10	-
HIV1.cut.id_KU677994.1	1139.53	-	-	336.42	-	-	-	-	-	10	-
HIV1.cut.id_KU677995.1	376.84	-	-	1183.43	-	-	-	-	-	10	-
HIV1.cut.id_KU677996.1	3421.89	-	-	2385.01	-	-	-	-	-	10	-
HIV1.cut.id_KU677997.1	2501.9	-	-	3345.72	-	-	-	-	-	10	-
HIV1.cut.id_KU677998.1	4733.38	-	-	1479.92	-	-	-	-	-	10	-
HIV1.cut.id_KU677999.1	597.52	-	-	2211.47	-	-	-	-	-	10	-
HIV1.cut.id_KU678000.1	5718.14	-	1123.6	1671.97	-	-	-	-	-	10	-
HIV1.cut.id_KU678001.1	5242.88	2203.02	-	900.47	-	-	-	-	-	10	-
HIV1.cut.id_KU678025.1	1058.43	-	-	2884.62	-	-	-	-	-	10	-
HIV1.cut.id_KU678026.1	1495.11	802.14	-	4323.57	-	-	-	-	-	10	-
HIV1.cut.id_KU678027.1	5423.42	893.66	-	398.72	-	-	-	-	-	10	-
HIV1.cut.id_KU678028.1	2322.17	1293.9	-	3003.75	-	-	-	-	-	10	-
HIV1.cut.id_KU678029.1	1091.02	-	-	3558.15	-	-	-	-	-	10	-
HIV1.cut.id_KU678030.1	866.85	2768.17	-	4786.74	-	-	-	-	-	10	-
HIV1.cut.id_KU678031.1	957.09	-	-	3915.43	-	-	-	-	-	10	-
HIV1.cut.id_KU678032.1	1328.94	-	-	1179.94	-	-	-	-	-	10	-
HIV1.cut.id_KU678034.1	2468.93	4945.05	-	2986.56	-	-	-	-	-	10	-
HIV1.cut.id_KU678035.1	1041.86	-	-	2722.32	-	-	-	-	-	10	-
HIV1.cut.id_KU678036.1	2121.39	-	-	4956.63	-	-	-	-	-	10	-
HIV1.cut.id_KU678049.1	978.21	-	-	4118.35	-	-	-	-	-	10	-
HIV1.cut.id_KU678050.1	1272.58	-	-	278.86	-	-	-	-	-	10	-
HIV1.cut.id_KU678051.1	2215.9	-	-	-	-	-	-	-	-	10	-
HIV1.cut.id_KU678052.1	2116.63	-	-	11881.19	-	-	-	-	-	10	-
HIV1.cut.id_KU678053.1	4215.21	-	-	1516.92	-	-	-	-	-	10	-
HIV1.cut.id_KU678054.1	3846.58	-	-	609.08	-	-	-	-	-	10	-
HIV1.cut.id_KU678055.1	2768.41	-	-	19958.13	-	-	-	-	-	10	-
HIV1.cut.id_KU678056.1	935.17	802.68	-	719.42	-	-	-	-	-	10	-
HIV1.cut.id_KU678058.1	409.84	-	-	2391.8	-	-	-	-	-	10	-
HIV1.cut.id_KU678059.1	4231.8	2287.58	-	2368.79	-	-	-	-	-	10	-
HIV1.cut.id_KU678060.1	-	-	-	-	-	-	-	-	-	10	-
HIV1.cut.id_KU678061.1	1330.05	-	-	2071.56	-	-	-	-	-	10	-
HIV1.cut.id_KU678062.1	596.34	-	-	-	-	-	-	-	-	10	-
HIV1.cut.id_KU678069.1	3783.6	-	-	945.38	-	-	-	-	-	10	-
HIV1.cut.id_KU678070.1	1011.24	-	-	2955.67	-	-	-	-	-	10	-
HIV1.cut.id_KU678071.1	2031.93	-	-	2268.66	-	-	-	-	-	10	-
HIV1.cut.id_KU678074.1	2673.37	2025.78	-	3380.78	-	-	-	-	-	10	-
HIV1.cut.id_KU678075.1	254.09	-	-	2087.68	-	-	-	-	-	10	-
HIV1.cut.id_KU678076.1	1994.2	-	-	4778.7	-	-	-	-	-	10	-
HIV1.cut.id_KU678077.1	444.34	503.46	-	-	-	-	-	-	-	10	-
HIV1.cut.id_KU678080.1	3061.64	-	-	390.12	-	-	-	-	-	10	-
HIV1.cut.id_KU678081.1	1168.22	-	-	-	-	-	-	-	-	10	-
HIV1.cut.id_KU678082.1	3354.51	-	-	2270.48	-	-	-	-	-	10	-
HIV1.cut.id_KU678083.1	781.93	-	-	-	-	-	-	-	-	10	-
HIV1.cut.id_KU678124.1	533.03	3536.75	-	2158.92	477.78	-	-	-	-	10	-
HIV1.cut.id_KU678125.1	4733.14	1561.22	84.25	2445.16	-	-	-	-	-	10	-
HIV1.cut.id_KU678139.1	2625.37	-	-	1139.14	-	-	-	-	-	10	-
HIV1.cut.id_KU678140.1	3610.11	-	-	1872.37	-	-	-	-	-	10	-
HIV1.cut.id_KU678141.1	1594.85	-	-	2672.61	1030.17	-	-	-	-	10	-
HIV1.cut.id_KU678143.1	1899.52	235.85	-	-	-	-	-	0.0	-	10	-
HIV1.cut.id_KU678144.1	2152.73	959.49	-	1271.31	3412.07	-	-	-	-	10	-
HIV1.cut.id_KU678145.1	2825.08	-	-	3594.77	-	-	-	-	-	10	-
HIV1.cut.id_KU678161.1	3162.44	-	-	4023.97	-	-	-	-	-	10	-
HIV1.cut.id_KU678162.1	599.46	-	4367.3	-	-	-	-	-	-	10	-
HIV1.cut.id_KU678163.1	1251.17	-	-	-	-	-	-	-	-	10	-
HIV1.cut.id_KU678164.1	4693.42	-	-	-	-	-	-	-	-	10	-
HIV1.cut.id_KU678165.1	1708.16	4958.68	-	-	-	-	-	-	-	10	-
HIV1.cut.id_KU678166.1	910.51	-	-	-	-	-	-	-	-	10	-
HIV1.cut.id_KU678167.1	4696.34	-	-	-	-	-	-	-	-	10	-
HIV1.cut.id_KU678168.1	1110.46	-	-	-	-	-	-	-	-	10	-
HIV1.cut.id_KU678169.1	3933.14	-	-	-	-	-	-	-	-	10	-
HIV1.cut.id_KU678170.1	1765.16	-	-	3037.72	-	-	-	-	-	10	-
HIV1.cut.id_KU678171.1	1481.24	-	-	-	-	-	-	-	-	10	-
HIV1.cut.id_KU678172.1	493.42	1212.12	-	-	-	-	-	-	-	10	-
HIV1.cut.id_KU678173.1	1011.8	-	-	1510.07	-	-	-	-	-	10	-
HIV1.cut.id_KU678174.1	690.08	-	-	-	-	-	-	-	-	10	-
HIV1.cut.id_KU678175.1	2196.55	-	-	-	-	-	-	-	-	10	-
HIV1.cut.id_KU678176.1	3520.21	-	-	-	-	-	-	-	-	10	-
HIV1.cut.id_KU678177.1	72.05	377.36	-	2597.4	-	-	-	-	-	10	-
HIV1.cut.id_KU678178.1	462.37	-	-	2601.46	-	-	-	-	-	10	-
HIV1.cut.id_KU678179.1	938.86	3125.0	-	4402.52	-	-	-	-	-	10	-
HIV1.cut.id_KU678180.1	1564.03	-	-	4801.24	-	-	-	-	-	10	-
HIV1.cut.id_KU678191.1	2042.87	-	-	3495.91	-	-	-	-	-	10	-
HIV1.cut.id_KU678192.1	2125.81	-	-	3479.04	-	-	-	-	-	10	-
HIV1.cut.id_KU678193.1	4024.3	-	-	2113.82	-	-	-	-	-	10	-
HIV1.cut.id_KU749387.1	488.4	-	-	2956.9	0.0	-	-	-	-	10	-
HIV1.cut.id_KU749388.1	0.0	2477.56	-	2225.1	306.75	-	-	-	-	10	-
HIV1.cut.id_KU749389.1	701.3	487.8	-	263.27	-	-	-	-	-	10	-
HIV1.cut.id_KU749390.1	2748.99	1492.27	-	2134.96	0.0	-	-	-	-	10	-
HIV1.cut.id_KU749391.1	424.28	-	176.16	3587.56	162.13	-	-	-	-	10	-
HIV1.cut.id_KU749392.1	1401.15	1698.43	-	8109.48	0.0	-	-	-	-	10	-
HIV1.cut.id_KU749393.1	637.43	735.29	-	6519.24	466.98	-	-	-	-	10	-
HIV1.cut.id_KU749394.1	2063.05	1217.92	1205.9	630.52	1683.11	-	-	-	-	10	-
HIV1.cut.id_KU749395.1	163.79	554.1	-	684.78	0.0	-	-	-	-	10	-
HIV1.cut.id_KU749396.1	1811.94	1594.78	-	1664.57	233.75	-	-	-	-	10	-
HIV1.cut.id_KU749397.1	1231.41	4856.12	-	3361.34	-	-	-	-	-	10	-
HIV1.cut.id_KU749398.1	0.0	3045.99	1576.68	3576.31	0.0	-	-	-	-	10	-
HIV1.cut.id_KU749399.1	2634.19	-	-	1966.52	0.0	-	-	-	-	10	-
HIV1.cut.id_KU749400.1	557.62	2530.61	-	2082.02	0.0	-	-	-	-	10	-
HIV1.cut.id_KU749401.1	168.88	3676.47	-	3086.26	0.0	-	-	-	-	10	-
HIV1.cut.id_KU749402.1	1156.07	956.28	-	2367.33	-	-	-	-	-	10	-
HIV1.cut.id_KU749403.1	4925.19	410.68	151.13	3350.05	0.0	-	-	-	-	10	-
HIV1.cut.id_KU749404.1	150.94	3661.78	-	2299.97	0.0	-	-	-	-	10	-
HIV1.cut.id_KU749405.1	2861.56	1538.46	1728.72	1702.06	0.0	-	-	-	-	10	-
HIV1.cut.id_KU749406.1	2133.66	0.0	3750.0	1645.67	0.0	-	-	-	-	10	-
HIV1.cut.id_KU749407.1	589.71	1173.02	-	2824.0	-	-	-	-	-	10	-
HIV1.cut.id_KU749408.1	896.41	2705.95	-	6980.32	2039.69	-	-	-	-	10	-
HIV1.cut.id_KU749409.1	66.05	0.0	1844.26	2759.57	0.0	-	-	-	-	10	-
HIV1.cut.id_KU749410.3	706.48	3068.23	1042.57	3671.5	-	-	-	-	-	10	-
HIV1.cut.id_KU749411.1	4432.96	-	191.94	3948.05	186.74	-	-	-	-	10	-
HIV1.cut.id_KU749412.1	1397.91	114.5	-	3027.38	-	-	-	-	-	10	-
HIV1.cut.id_KU749413.1	3927.54	1305.73	-	2829.98	616.97	-	-	-	-	10	-
HIV1.cut.id_KU749414.1	399.91	2274.8	-	2531.65	-	-	-	-	-	10	-
HIV1.cut.id_KU749415.1	83.34	175.23	-	1496.26	-	-	-	-	-	10	-
HIV1.cut.id_KU749416.1	172.92	2472.95	-	1432.9	2815.77	-	-	-	-	10	-
HIV1.cut.id_KU749417.1	77.2	2288.98	-	3992.65	1540.96	-	-	-	-	10	-
HIV1.cut.id_KU749418.1	0.0	201.61	-	1983.99	1786.78	-	-	-	-	10	-
HIV1.cut.id_KU749419.1	541.09	1431.36	248.14	1186.62	0.0	-	-	-	-	10	-
HIV1.cut.id_KU749420.1	2384.91	1949.98	103.63	3162.86	236.13	-	-	-	-	10	-
HIV1.cut.id_KU749421.1	853.0	2084.37	2956.99	1492.32	350.65	-	-	-	-	10	-
HIV1.cut.id_KU749422.1	645.76	1976.6	-	1523.31	0.0	-	-	-	-	10	-
HIV1.cut.id_KU749423.1	0.0	840.54	1645.34	1445.67	214.59	-	-	-	-	10	-
HIV1.cut.id_KU749424.1	892.37	0.0	2985.07	1816.99	0.0	-	-	-	-	10	-
HIV1.cut.id_KU749425.1	1122.9	-	-	2477.55	1251.12	-	-	-	-	10	-
HIV1.cut.id_KU749426.1	0.0	1038.34	-	3261.58	439.24	-	-	-	-	10	-
HIV1.cut.id_KU749427.1	66.82	835.76	812.6	3691.97	0.0	-	-	-	-	10	-
HIV1.cut.id_KU749428.1	0.0	583.77	88.42	3377.23	-	-	-	-	-	10	-
HIV1.cut.id_KU749429.1	3808.15	2795.47	-	3009.52	-	-	-	-	-	10	-
HIV1.cut.id_KU749430.1	856.22	2064.76	-	134.23	0.0	-	-	-	-	10	-
HIV1.cut.id_KU749431.1	11.16	2136.5	-	2694.02	89.29	-	-	-	-	10	-
HIV1.cut.id_KU749432.1	807.79	2093.64	-	3065.13	-	-	-	-	-	10	-
HIV1.cut.id_KU886698.1	0.0	1027.12	-	2941.18	80.71	-	-	-	-	10	-
HIV1.cut.id_KU992928.1	1002.0	1307.6	-	1784.44	0.0	-	-	-	-	10	-
HIV1.cut.id_KU992929.1	738.96	-	-	13875.31	4794.52	-	-	-	-	10	-
HIV1.cut.id_KU992930.1	3278.07	-	-	2230.05	-	-	-	-	-	10	-
HIV1.cut.id_KU992931.1	2029.82	1270.42	-	5221.93	342.23	-	-	-	-	10	-
HIV1.cut.id_KU992932.1	2660.3	2072.07	-	4564.67	-	-	-	-	-	10	-
HIV1.cut.id_KU992933.1	3600.76	1669.32	-	3150.97	-	-	-	-	-	10	-
HIV1.cut.id_KU992934.1	945.93	1568.63	-	-	-	-	-	-	-	10	-
HIV1.cut.id_KU992935.1	1264.22	-	4208.75	6477.3	-	-	-	-	-	10	-
HIV1.cut.id_KU992936.1	592.27	1449.28	-	3018.5	-	-	-	-	-	10	-
HIV1.cut.id_KU992937.1	4560.69	-	-	1808.32	-	-	-	-	-	10	-
HIV1.cut.id_KX069219.1	810.04	0.0	2469.14	3271.76	477.45	-	-	-	-	10	-
HIV1.cut.id_KX069220.1	895.83	1962.95	-	2654.42	-	-	-	-	-	10	-
HIV1.cut.id_KX069221.1	203.76	1213.59	0.0	4224.66	3872.83	-	-	-	-	10	-
HIV1.cut.id_KX069222.1	198.31	0.0	-	2495.45	-	-	-	-	-	10	-
HIV1.cut.id_KX069223.1	873.52	1632.52	-	2738.57	272.37	-	-	-	-	10	-
HIV1.cut.id_KX069224.1	638.98	2627.56	-	808.82	-	-	-	-	-	10	-
HIV1.cut.id_KX069225.1	0.0	2932.9	-	158.23	0.0	-	-	-	-	10	-
HIV1.cut.id_KX069226.1	149.44	805.27	-	1562.5	-	-	-	-	-	10	-
HIV1.cut.id_KX069227.1	388.79	596.25	-	2782.66	-	-	-	-	-	10	-
HIV1.cut.id_KX069228.1	1496.03	0.0	-	527.7	-	-	-	-	-	10	-
HIV1.cut.id_KX159285.1	295.52	2759.17	0.0	1692.77	0.0	-	-	-	-	10	-
HIV1.cut.id_KX228799.1	18.22	0.0	-	3248.97	0.0	-	-	-	-	10	-
HIV1.cut.id_KX228800.1	2271.19	505.69	-	897.67	-	-	-	-	-	10	-
HIV1.cut.id_KX228801.1	357.26	668.65	1139.6	3244.04	0.0	-	-	-	-	10	-
HIV1.cut.id_KX228802.1	978.57	2322.26	-	1754.39	-	-	-	-	-	10	-
HIV1.cut.id_KX228803.1	955.56	4341.99	912.11	4084.12	0.0	-	-	-	-	10	-
HIV1.cut.id_KX228804.1	1817.78	1543.8	2333.86	1823.95	332.31	-	-	-	-	10	-
HIV1.cut.id_KX228805.1	589.55	149.76	90.66	0.0	0.0	-	-	-	-	10	-
HIV1.cut.id_KX228806.1	626.96	600.96	-	982.21	0.0	-	-	-	-	10	-
HIV1.cut.id_KX228807.1	1085.82	-	-	1566.58	-	-	-	-	-	10	-
HIV1.cut.id_KX228808.1	158.69	1102.41	-	1836.82	0.0	-	-	-	-	10	-
HIV1.cut.id_KX228809.1	287.46	2398.47	661.03	2031.5	0.0	-	-	-	-	10	-
HIV1.cut.id_KX228810.1	267.31	0.0	1655.05	3039.58	0.0	-	-	-	-	10	-
HIV1.cut.id_KX228811.1	1220.67	1371.31	-	4632.97	87.54	-	-	-	-	10	-
HIV1.cut.id_KX228812.1	1404.49	0.0	443.26	1010.76	0.0	-	-	2004.01	-	10	-
HIV1.cut.id_KX228813.1	3046.66	336.94	202.02	5460.62	562.19	-	-	-	-	10	-
HIV1.cut.id_KX228814.1	812.16	653.15	0.0	8436.9	2226.98	-	-	-	-	10	-
HIV1.cut.id_KX228815.1	1156.0	0.0	83.96	25244.48	420.42	-	-	-	-	10	-
HIV1.cut.id_KX228816.1	0.0	3086.42	1611.72	1418.44	958.98	-	-	-	-	10	-
HIV1.cut.id_KX228817.1	2570.34	402.82	0.0	2592.39	1201.65	-	-	-	-	10	-
HIV1.cut.id_KX228818.1	665.79	323.62	-	2075.9	-	-	-	-	-	10	-
HIV1.cut.id_KX228819.1	0.0	642.57	2464.23	2015.33	0.0	-	-	-	-	10	-
HIV1.cut.id_KX228820.1	5353.96	1564.42	198.22	1256.28	515.91	-	-	-	-	10	-
HIV1.cut.id_KX228821.1	739.54	0.0	-	2170.09	0.0	-	-	-	-	10	-
HIV1.cut.id_KX228822.1	2826.98	1868.51	707.21	1765.6	0.0	-	-	-	-	10	-
HIV1.cut.id_KX228823.1	1503.93	0.0	1426.31	2522.84	0.0	-	-	-	-	10	-
HIV1.cut.id_KX228824.1	141.46	0.0	1077.59	3401.13	0.0	-	-	-	-	10	-
HIV1.cut.id_KX228825.1	253.84	1133.02	-	5770.55	0.0	-	-	-	-	10	-
HIV1.cut.id_KX232594.1	2157.41	-	563.27	1209.12	-	-	-	1485.88	-	10	-
HIV1.cut.id_KX232595.1	0.0	2806.01	2121.21	3848.31	280.11	-	-	-	-	10	-
HIV1.cut.id_KX232596.1	10506.05	-	-	2272.73	-	-	-	-	-	10	-
HIV1.cut.id_KX232597.1	816.64	576.16	-	1690.14	0.0	-	-	-	-	10	-
HIV1.cut.id_KX232599.1	2046.01	3009.58	-	3484.32	162.4	-	-	-	-	10	-
HIV1.cut.id_KX232600.1	2556.47	1619.43	-	1560.9	-	-	-	-	-	10	-
HIV1.cut.id_KX232601.1	547.95	-	-	3587.44	-	-	-	-	-	10	-
HIV1.cut.id_KX232602.1	1306.51	-	-	1756.05	0.0	-	-	-	-	10	-
HIV1.cut.id_KX232604.1	8700.94	272.98	-	2168.29	0.0	-	-	-	-	10	-
HIV1.cut.id_KX232605.1	3308.86	-	289.33	4244.95	0.0	-	-	-	-	10	-
HIV1.cut.id_KX232606.1	123.86	213.45	-	2727.88	-	-	-	-	-	10	-
HIV1.cut.id_KX232607.1	812.83	2064.56	3870.97	1503.36	-	-	-	-	-	10	-
HIV1.cut.id_KX232609.1	7367.67	557.7	-	1971.21	-	-	-	-	-	10	-
HIV1.cut.id_KX232610.1	3592.3	-	-	3300.84	1554.91	-	-	-	-	10	-
HIV1.cut.id_KX232611.1	1661.79	3558.72	-	3398.18	-	-	-	-	-	10	-
HIV1.cut.id_KX232612.1	2665.91	-	-	3595.51	-	-	-	-	-	10	-
HIV1.cut.id_KX232613.1	44.02	1688.18	0.0	1123.98	0.0	-	-	-	-	10	-
HIV1.cut.id_KX232614.1	242.34	0.0	759.14	1002.43	-	-	-	-	-	10	-
HIV1.cut.id_KX232615.1	1852.99	2002.22	-	2910.15	1591.29	-	-	-	-	10	-
HIV1.cut.id_KX232616.1	1696.23	1960.78	3125.0	3903.0	-	-	-	-	-	10	-
HIV1.cut.id_KX232617.1	4502.73	300.0	373.48	2772.35	-	-	-	-	-	10	-
HIV1.cut.id_KX232619.1	2315.82	0.0	914.63	4755.32	-	-	-	-	-	10	-
HIV1.cut.id_KX232620.1	468.08	0.0	55.07	1237.47	306.16	-	-	418.76	-	10	-
HIV1.cut.id_KX232621.1	468.68	-	-	1007.92	-	-	-	-	-	10	-
HIV1.cut.id_KX232622.1	181.55	0.0	375.38	2521.95	0.0	-	-	-	-	10	-
HIV1.cut.id_KX232623.1	3670.44	2477.81	-	3935.31	-	-	-	-	-	10	-
HIV1.cut.id_KX232625.1	5418.23	4005.83	-	6284.45	-	-	-	-	-	10	-
HIV1.cut.id_KX232626.1	288.6	1027.4	1077.05	3267.39	-	-	-	-	-	10	-
HIV1.cut.id_KX232627.1	2792.99	0.0	-	2152.5	-	-	-	-	-	10	-
HIV1.cut.id_KX232628.1	1367.56	-	-	4283.56	580.27	-	-	-	-	10	-
HIV1.cut.id_KX232629.1	1574.8	-	-	2345.33	-	-	-	-	-	10	-
HIV1.cut.id_KX353919.1	277.52	-	-	671.14	-	-	-	-	-	10	-
HIV1.cut.id_KX378999.1	642.04	1934.92	-	5871.5	245.4	-	-	-	-	10	-
HIV1.cut.id_KX379000.1	314.34	4330.71	-	3335.22	4240.28	-	-	-	-	10	-
HIV1.cut.id_KX673818.1	468.22	2293.78	-	4477.61	0.0	-	-	-	-	10	-
HIV1.cut.id_KX673819.1	1177.1	1738.74	-	3991.13	-	-	-	-	-	10	-
HIV1.cut.id_KX673820.1	2039.58	447.09	-	3639.24	-	-	-	-	-	10	-
HIV1.cut.id_KX673821.1	938.09	-	-	2367.56	-	-	-	-	-	10	-
HIV1.cut.id_KY112585.1	-	0.0	-	195.38	15.15	-	-	-	-	10	-
HIV1.cut.id_KY359380.1	3105.52	1050.08	0.0	2176.06	343.05	-	-	-	-	10	-
HIV1.cut.id_KY359381.1	1997.34	1601.83	0.0	0.0	0.0	-	-	-	-	10	-
HIV1.cut.id_KY359382.1	4887.67	2351.99	-	6192.17	0.0	-	-	-	-	10	-
HIV1.cut.id_KY359383.1	274.73	134.65	-	199.8	180.26	-	-	-	-	10	-
HIV1.cut.id_KY359384.1	0.0	2098.77	-	3632.48	-	-	-	-	-	10	-
HIV1.cut.id_KY359385.1	331.93	244.7	0.0	268.71	172.56	-	-	-	-	10	-
HIV1.cut.id_KY364886.1	0.0	3241.11	-	2724.8	-	-	-	-	-	10	-
HIV1.cut.id_KY392767.1	0.0	856.7	854.7	1269.9	0.0	-	-	-	-	10	-
HIV1.cut.id_KY392768.1	1752.63	313.21	0.0	1122.88	0.0	-	-	-	-	10	-
HIV1.cut.id_KY392769.1	1516.98	78.35	3255.34	2278.07	0.0	-	-	-	-	10	-
HIV1.cut.id_KY392770.1	1436.88	0.0	1902.5	4054.05	0.0	-	-	-	-	10	-
HIV1.cut.id_KY392771.1	1996.05	622.34	562.98	963.22	0.0	-	-	-	-	10	-
HIV1.cut.id_KY392772.1	2198.95	3484.6	946.7	850.13	59.84	-	-	-	-	10	-
HIV1.cut.id_KY392773.1	1276.32	1946.77	-	3538.55	726.39	-	-	-	-	10	-
HIV1.cut.id_KY392774.1	2933.13	3122.88	-	2449.76	930.23	-	-	-	-	10	-
HIV1.cut.id_KY392775.1	1149.03	0.0	1711.03	1787.63	0.0	-	-	-	-	10	-
HIV1.cut.id_KY392776.1	66.13	863.82	1898.07	1832.16	296.91	-	-	-	-	10	-
HIV1.cut.id_KY392777.1	1650.35	0.0	-	338.16	0.0	-	-	-	-	10	-
HIV1.cut.id_KY392778.1	0.0	1304.52	1371.95	3514.79	0.0	-	-	-	-	10	-
HIV1.cut.id_KY392779.1	303.2	-	1364.11	2828.25	124.6	-	-	-	-	10	-
HIV1.cut.id_KY392780.1	0.0	2159.09	212.43	928.55	33.39	-	-	-	-	10	-
HIV1.cut.id_KY465967.1	0.0	1550.75	-	1836.44	0.0	-	-	-	-	10	-
HIV1.cut.id_KY465968.1	332.98	-	-	1903.81	-	-	-	-	-	10	-
HIV1.cut.id_KY465969.1	16.19	-	-	3561.57	0.0	-	-	-	-	10	-
HIV1.cut.id_KY496622.1	2539.82	1113.09	-	997.88	216.45	-	-	-	-	10	-
HIV1.cut.id_KY496623.1	3026.92	2549.58	-	2417.62	0.0	-	-	-	-	10	-
HIV1.cut.id_KY496624.1	0.0	2338.42	-	2982.62	0.0	-	-	-	-	10	-
HIV1.cut.id_KY498771.1	639.33	1094.22	2342.76	3254.54	49.64	-	-	-	-	10	-
HIV1.cut.id_KY514084.1	1408.45	-	258.23	4890.13	1516.59	-	-	-	-	10	-
HIV1.cut.id_KY514085.1	3499.31	1245.55	-	2975.21	-	-	-	-	-	10	-
HIV1.cut.id_KY557336.1	841.87	1168.38	0.0	4704.89	128.67	-	-	-	-	10	-
HIV1.cut.id_KY658681.1	2570.12	886.0	-	2006.76	0.0	-	-	-	-	10	-
HIV1.cut.id_KY658682.1	366.14	-	-	2459.79	391.28	-	-	-	-	10	-
HIV1.cut.id_KY658683.1	892.96	1894.74	1546.86	1794.41	0.0	-	-	-	-	10	-
HIV1.cut.id_KY658684.1	386.24	1006.4	-	4113.92	-	-	-	-	-	10	-
HIV1.cut.id_KY658685.1	63.06	1441.15	0.0	2424.47	0.0	-	-	-	-	10	-
HIV1.cut.id_KY658686.1	3364.59	-	-	1566.36	0.0	-	-	-	-	10	-
HIV1.cut.id_KY658687.1	23.82	722.02	-	744.62	-	-	-	-	-	10	-
HIV1.cut.id_KY658688.1	1989.99	-	-	3223.79	0.0	-	-	-	-	10	-
HIV1.cut.id_KY658689.1	0.0	2699.39	3597.94	3657.74	0.0	-	-	-	-	10	-
HIV1.cut.id_KY658690.1	632.63	382.65	945.83	2480.31	0.0	-	-	-	-	10	-
HIV1.cut.id_KY658691.1	284.61	844.77	-	784.19	0.0	-	-	-	-	10	-
HIV1.cut.id_KY658692.1	1120.02	1273.31	-	3232.32	-	-	-	-	-	10	-
HIV1.cut.id_KY658693.1	0.0	1971.52	-	2520.19	0.0	-	-	-	-	10	-
HIV1.cut.id_KY658694.1	2010.83	3941.61	-	5623.37	-	-	-	-	-	10	-
HIV1.cut.id_KY658695.1	661.94	4000.0	460.41	2505.97	0.0	-	-	-	-	10	-
HIV1.cut.id_KY658696.1	301.09	891.5	1264.82	2017.18	0.0	-	-	-	-	10	-
HIV1.cut.id_KY658697.1	651.06	579.04	-	2968.93	0.0	-	-	-	-	10	-
HIV1.cut.id_KY658698.1	0.0	501.54	-	1237.2	0.0	-	-	-	-	10	-
HIV1.cut.id_KY658699.1	1021.45	472.81	-	2310.52	0.0	-	-	-	-	10	-
HIV1.cut.id_KY658700.1	2485.51	2112.68	3917.05	2904.68	0.0	-	-	-	-	10	-
HIV1.cut.id_KY658701.1	79.29	1940.18	1215.73	3345.36	17.62	-	-	-	-	10	-
HIV1.cut.id_KY658702.1	264.03	2860.41	400.0	2486.37	133.69	-	-	-	-	10	-
HIV1.cut.id_KY658703.1	0.0	0.0	-	2538.68	0.0	-	-	-	-	10	-
HIV1.cut.id_KY658704.1	2500.98	-	-	4339.62	-	-	-	-	-	10	-
HIV1.cut.id_KY658705.1	0.0	2558.14	-	3539.82	0.0	-	-	-	-	10	-
HIV1.cut.id_KY658706.1	1333.8	-	-	3934.01	-	-	-	-	-	10	-
HIV1.cut.id_KY658707.1	625.11	-	-	0.0	-	-	-	-	-	10	-
HIV1.cut.id_KY658708.1	403.81	1662.05	-	2286.72	-	-	-	-	-	10	-
HIV1.cut.id_KY658709.1	1092.81	-	-	4780.56	-	-	-	-	-	10	-
HIV1.cut.id_KY658710.1	1755.26	-	-	1518.99	-	-	-	-	-	10	-
HIV1.cut.id_KY658711.1	1423.6	3580.15	-	4032.26	3305.79	-	-	-	-	10	-
HIV1.cut.id_KY658712.1	785.94	-	-	2323.13	-	-	-	-	-	10	-
HIV1.cut.id_KY658713.1	2394.17	2833.33	2584.81	3276.13	0.0	-	-	-	-	10	-
HIV1.cut.id_KY658714.1	2715.53	0.0	-	2937.75	683.89	-	-	-	-	10	-
HIV1.cut.id_KY658715.1	1594.46	0.0	-	2459.3	-	-	-	-	-	10	-
HIV1.cut.id_KY658716.1	3019.63	852.27	-	1792.11	-	-	-	-	-	10	-
HIV1.cut.id_KY658717.1	5526.73	28.6	-	5728.92	566.17	-	-	0.0	-	10	-
HIV1.cut.id_KY658718.1	1206.34	1732.1	-	1892.89	-	-	-	-	-	10	-
HIV1.cut.id_KY658719.1	3269.88	2280.29	-	3949.45	636.94	-	-	-	-	10	-
HIV1.cut.id_KY778445.1	1808.09	1932.71	4147.47	3931.34	-	-	-	-	-	10	-
HIV1.cut.id_KY778450.1	2684.79	-	-	4267.76	-	-	-	-	-	10	-
HIV1.cut.id_KY778456.1	2365.43	-	-	4102.95	-	-	-	-	-	10	-
HIV1.cut.id_KY778468.1	1589.93	-	1960.78	5593.22	-	-	-	-	-	10	-
HIV1.cut.id_KY778473.1	1039.01	-	-	-	-	-	-	-	-	10	-
HIV1.cut.id_KY778479.1	-	-	-	-	-	-	-	-	-	10	-
HIV1.cut.id_KY778482.1	-	3475.67	328.05	4344.33	221.34	-	-	-	-	10	-
HIV1.cut.id_KY778486.1	4308.92	1805.63	-	3216.63	-	-	-	-	-	10	-
HIV1.cut.id_KY778487.1	-	-	-	-	-	-	-	-	-	10	-
HIV1.cut.id_KY778496.1	1392.11	774.73	-	-	-	-	-	-	-	10	-
HIV1.cut.id_KY778502.1	2074.9	-	51.1	4950.5	-	-	-	-	-	10	-
HIV1.cut.id_KY778510.1	33.15	-	-	3311.26	340.14	-	-	-	-	10	-
HIV1.cut.id_KY778516.1	1193.24	0.0	-	1085.97	-	-	0.0	-	-	10	-
HIV1.cut.id_KY778517.1	1226.24	-	-	3799.65	-	-	-	-	-	10	-
HIV1.cut.id_KY778521.1	3679.15	-	-	4381.08	-	-	-	-	-	10	-
HIV1.cut.id_KY778529.1	-	-	-	-	-	-	-	-	-	10	-
HIV1.cut.id_KY778545.1	-	-	-	1462.17	-	-	3044.23	-	-	10	-
HIV1.cut.id_KY950610.1	2290.08	0.0	-	4036.7	0.0	-	-	-	-	10	-
HIV1.cut.id_KY989949.1	590.65	0.0	-	4463.16	0.0	-	-	-	-	10	-
HIV1.cut.id_KY989950.1	1057.89	0.0	-	991.83	0.0	-	-	-	-	10	-
HIV1.cut.id_KY989951.1	586.38	1538.46	-	1951.85	0.0	-	-	-	-	10	-
HIV1.cut.id_KY989952.1	476.19	3297.18	-	6233.7	-	-	-	-	-	10	-
HIV1.cut.id_KY989953.1	0.0	-	-	616.14	0.0	-	-	-	-	10	-
HIV1.cut.id_KY989954.1	559.31	3835.8	0.0	1770.78	0.0	-	-	-	-	10	-
HIV1.cut.id_KY989955.1	4308.21	3621.73	-	2044.7	-	-	-	-	-	10	-
HIV1.cut.id_KY989956.1	0.0	642.01	-	3385.81	0.0	-	-	-	-	10	-
HIV1.cut.id_KY989957.1	3707.85	1253.76	512.38	3487.36	-	-	-	-	-	10	-
HIV1.cut.id_KY995542.1	1316.81	438.6	2461.26	3105.43	0.0	-	-	-	-	10	-
HIV1.cut.id_L02317.1	0.0	1467.27	-	3246.75	-	-	-	-	-	10	-
HIV1.cut.id_L20571.1	2577.77	858.92	217.74	1275.48	435.16	-	-	-	-	10	-
HIV1.cut.id_L20587.1	1581.24	732.82	160.26	4265.24	1088.35	-	-	-	-	10	-
HIV1.cut.id_L31963.1	2372.26	-	-	2359.88	-	-	-	-	-	10	-
HIV1.cut.id_L39106.1	4201.68	91.62	752.51	1960.21	0.0	-	-	-	-	10	-
HIV1.cut.id_LC027100.1	14.49	-	-	454.2	-	-	-	-	-	10	-
HIV1.cut.id_M17449.1	3125.74	1115.93	5000.0	8910.89	-	-	-	-	-	10	-
HIV1.cut.id_M17451.1	3330.41	0.0	-	4591.84	-	-	-	-	-	10	-
HIV1.cut.id_M22639.1	531.46	0.0	-	2522.99	-	-	-	-	-	10	-
HIV1.cut.id_M26727.1	210.04	-	-	2530.12	-	-	-	-	-	10	-
HIV1.cut.id_M27323.1	380.63	-	-	6014.42	-	-	-	-	-	10	-
HIV1.cut.id_M38429.1	416.4	3842.26	-	4785.48	-	-	-	-	-	10	-
HIV1.cut.id_M38431.1	1460.39	-	-	7916.18	-	-	-	-	-	10	-
HIV1.cut.id_M62320.1	679.66	0.0	0.0	1045.54	477.13	-	-	-	-	10	-
HIV1.cut.id_M93258.1	348.43	3641.27	-	7077.21	-	-	-	-	-	10	-
HIV1.cut.id_M93259.1	986.72	3263.23	4983.39	1760.56	-	-	-	-	-	10	-
HIV1.cut.id_MF373124.1	0.0	1349.38	306.12	1321.79	65.36	-	-	-	-	10	-
HIV1.cut.id_MF373125.1	0.0	1631.24	-	3270.02	0.0	-	-	-	-	10	-
HIV1.cut.id_MF373126.1	448.43	170.79	0.0	316.06	911.39	-	-	-	-	10	-
HIV1.cut.id_MF373127.1	1796.27	3098.32	-	106.67	0.0	-	-	-	-	10	-
HIV1.cut.id_MF373128.1	0.0	0.0	0.0	2049.03	0.0	-	-	-	-	10	-
HIV1.cut.id_MF373129.1	1308.49	687.62	-	3103.86	-	-	-	-	-	10	-
HIV1.cut.id_MF373130.1	645.16	2998.07	-	2931.15	-	-	-	-	-	10	-
HIV1.cut.id_MF373131.1	769.85	1465.94	-	2225.36	-	-	-	-	-	10	-
HIV1.cut.id_MF373132.1	-	0.0	-	2250.25	0.0	-	-	-	-	10	-
HIV1.cut.id_MF373133.1	2163.16	0.0	-	2073.21	757.58	-	-	-	-	10	-
HIV1.cut.id_MF373134.1	0.0	-	2947.6	3701.07	0.0	-	-	-	-	10	-
HIV1.cut.id_MF373135.1	1947.57	0.0	-	1189.73	-	-	-	-	-	10	-
HIV1.cut.id_MF373136.1	2771.34	1876.27	-	9615.88	229.53	-	-	-	-	10	-
HIV1.cut.id_MF373137.1	0.0	848.78	214.29	3637.8	1269.04	-	-	-	-	10	-
HIV1.cut.id_MF373138.1	1063.83	2644.36	1050.53	3219.38	33.24	-	-	-	-	10	-
HIV1.cut.id_MF373139.1	888.6	4279.89	-	2884.96	0.0	-	-	-	-	10	-
HIV1.cut.id_MF373140.1	86.76	3458.21	-	4140.79	-	-	-	-	-	10	-
HIV1.cut.id_MF373141.1	887.89	939.85	-	1431.72	-	-	-	-	-	10	-
HIV1.cut.id_MF373142.1	391.3	458.44	-	3679.22	-	-	-	-	-	10	-
HIV1.cut.id_MF373143.1	183.78	1374.82	0.0	4533.07	323.42	-	-	-	-	10	-
HIV1.cut.id_MF373144.1	49.93	-	1574.34	8698.16	0.0	-	-	-	-	10	-
HIV1.cut.id_MF373145.1	927.86	2385.62	-	2846.39	213.9	-	-	-	-	10	-
HIV1.cut.id_MF373146.1	0.0	2254.1	0.0	4842.47	0.0	-	-	-	-	10	-
HIV1.cut.id_MF373147.1	2899.06	2152.52	-	1477.16	0.0	-	-	-	-	10	-
HIV1.cut.id_MF373148.1	2842.54	495.73	-	1649.92	0.0	-	-	-	-	10	-
HIV1.cut.id_MF373149.1	0.0	-	1000.77	3623.33	0.0	-	-	-	-	10	-
HIV1.cut.id_MF373150.1	299.29	-	501.0	3270.89	695.13	-	-	-	-	10	-
HIV1.cut.id_MF373151.1	0.0	656.91	-	1348.68	0.0	-	-	-	-	10	-
HIV1.cut.id_MF373152.1	750.66	4675.99	4918.03	2372.26	0.0	-	-	-	-	10	-
HIV1.cut.id_MF373153.1	1772.73	-	-	3179.03	91.41	-	-	-	-	10	-
HIV1.cut.id_MF373154.1	1369.55	1642.94	-	6807.46	-	-	-	-	-	10	-
HIV1.cut.id_MF373155.1	393.66	1354.78	2549.02	2449.17	0.0	-	-	-	-	10	-
HIV1.cut.id_MF373156.1	338.48	2069.78	-	4298.19	-	-	-	-	-	10	-
HIV1.cut.id_MF373157.1	0.0	1747.31	-	3713.53	616.52	-	-	-	-	10	-
HIV1.cut.id_MF373158.1	0.0	286.44	-	3134.35	0.0	-	-	-	-	10	-
HIV1.cut.id_MF373159.1	1813.41	2182.6	-	1490.42	0.0	-	-	-	-	10	-
HIV1.cut.id_MF373160.1	278.84	1707.05	1156.52	699.3	0.0	-	-	-	-	10	-
HIV1.cut.id_MF373161.1	1956.7	4533.15	-	1345.53	0.0	-	-	-	-	10	-
HIV1.cut.id_MF373162.1	0.0	3067.99	-	2429.06	0.0	-	-	-	-	10	-
HIV1.cut.id_MF373163.1	46.05	531.91	313.15	5163.96	0.0	-	-	-	-	10	-
HIV1.cut.id_MF373164.1	560.78	1398.6	-	3965.88	-	-	-	-	-	10	-
HIV1.cut.id_MF373165.1	469.26	346.69	-	2459.26	187.62	-	-	-	-	10	-
HIV1.cut.id_MF373166.1	0.0	0.0	1907.36	2452.89	0.0	-	-	-	-	10	-
HIV1.cut.id_MF373167.1	0.0	2913.11	-	1094.28	65.53	-	-	-	-	10	-
HIV1.cut.id_MF373168.1	297.62	1758.11	-	4172.79	0.0	-	-	-	-	10	-
HIV1.cut.id_MF373169.1	0.0	0.0	470.59	2034.01	0.0	-	-	-	-	10	-
HIV1.cut.id_MF373170.1	1759.83	1050.95	-	2672.0	727.86	-	-	-	-	10	-
HIV1.cut.id_MF373171.1	690.61	0.0	-	2262.56	-	-	-	-	-	10	-
HIV1.cut.id_MF373172.1	463.12	-	-	1934.24	-	-	-	-	-	10	-
HIV1.cut.id_MF373173.1	466.04	1021.57	-	514.4	0.0	-	-	-	-	10	-
HIV1.cut.id_MF373174.1	741.26	349.04	90.01	5138.22	86.21	-	-	-	-	10	-
HIV1.cut.id_MF373175.1	500.29	0.0	3157.42	5488.74	0.0	-	-	-	-	10	-
HIV1.cut.id_MF373176.1	0.0	2409.02	-	2411.45	-	-	-	-	-	10	-
HIV1.cut.id_MF373177.1	2849.5	3259.53	-	2911.29	648.15	-	-	-	-	10	-
HIV1.cut.id_MF373178.1	485.55	1526.34	-	2105.99	904.52	-	-	-	-	10	-
HIV1.cut.id_MF373179.1	527.07	2538.41	0.0	1200.0	-	-	-	-	-	10	-
HIV1.cut.id_MF373180.1	0.0	449.14	4431.31	2115.81	0.0	-	-	-	-	10	-
HIV1.cut.id_MF373181.1	0.0	1233.05	1985.98	2462.12	0.0	-	-	-	-	10	-
HIV1.cut.id_MF373182.1	104.0	1898.01	1566.31	5771.21	0.0	-	-	-	-	10	-
HIV1.cut.id_MF373183.1	322.06	1006.4	1753.45	1803.39	0.0	-	-	-	-	10	-
HIV1.cut.id_MF373184.1	5454.55	2224.33	2027.75	1506.32	3380.05	-	-	-	-	10	-
HIV1.cut.id_MF373185.1	466.12	1383.59	3597.12	4463.21	0.0	-	-	-	-	10	-
HIV1.cut.id_MF373186.1	312.97	-	-	2140.75	1681.42	-	-	-	-	10	-
HIV1.cut.id_MF373187.1	0.0	0.0	-	1796.41	0.0	-	-	-	-	10	-
HIV1.cut.id_MF373188.1	279.72	837.32	1767.78	3311.06	0.0	-	-	-	-	10	-
HIV1.cut.id_MF373189.1	969.02	959.63	0.0	3229.89	0.0	-	-	-	-	10	-
HIV1.cut.id_MF373190.1	949.42	260.08	-	2025.78	-	-	-	-	-	10	-
HIV1.cut.id_MF373191.1	0.0	0.0	0.0	3175.07	0.0	-	-	-	-	10	-
HIV1.cut.id_MF373192.1	424.41	514.8	-	780.19	576.92	-	-	-	-	10	-
HIV1.cut.id_MF373193.1	0.0	1110.39	-	5859.01	0.0	-	-	-	-	10	-
HIV1.cut.id_MF373194.1	989.63	3418.37	-	5000.0	-	-	-	-	-	10	-
HIV1.cut.id_MF373195.1	1169.39	492.61	2413.52	-	-	-	-	-	-	10	-
HIV1.cut.id_MF373196.1	2671.84	1388.29	1072.39	4799.43	0.0	-	-	-	-	10	-
HIV1.cut.id_MF373197.1	0.0	1006.71	-	2854.25	258.96	-	-	-	-	10	-
HIV1.cut.id_MF373198.1	0.0	341.61	884.96	4284.3	0.0	-	-	-	-	10	-
HIV1.cut.id_MF373199.1	0.0	-	4370.18	1148.66	563.7	-	-	-	-	10	-
HIV1.cut.id_MF373200.1	2687.25	1374.66	-	5078.76	0.0	-	-	-	-	10	-
HIV1.cut.id_MF373201.1	719.33	1117.32	-	10192.12	0.0	-	-	-	-	10	-
HIV1.cut.id_MF373202.1	226.78	802.66	-	2747.43	0.0	-	-	-	-	10	-
HIV1.cut.id_MF373203.1	1502.29	204.08	-	2446.94	-	-	-	-	-	10	-
HIV1.cut.id_MF373204.1	11.69	4351.36	-	5236.49	0.0	-	-	-	-	10	-
HIV1.cut.id_MF373205.1	0.0	0.0	2829.47	1158.3	0.0	-	-	-	-	10	-
HIV1.cut.id_MF373206.1	251.75	265.05	99.5	1439.94	152.96	-	-	-	-	10	-
HIV1.cut.id_MF373389.1	34.84	0.0	-	2945.58	-	-	-	-	-	10	-
HIV1.cut.id_MF379808.1	0.0	782.33	-	839.37	0.0	-	-	-	-	10	-
HIV1.cut.id_U12055.1	629.08	-	-	3074.87	-	-	-	-	-	10	-
HIV1.cut.id_U21135.1	0.0	-	-	3596.76	75.13	-	-	-	-	10	-
HIV1.cut.id_U23487.1	0.0	3165.86	-	1883.75	0.0	-	-	-	-	10	-
HIV1.cut.id_U26546.1	979.52	-	-	2199.76	-	-	-	-	-	10	-
HIV1.cut.id_U26942.1	1870.62	4046.24	-	5590.85	-	-	-	-	-	10	-
HIV1.cut.id_U34603.1	1969.37	1021.83	-	6979.46	-	-	-	-	-	10	-
HIV1.cut.id_U34604.1	1677.72	3856.45	3478.26	3116.88	-	-	-	4407.29	-	10	-
HIV1.cut.id_U37270.1	3101.84	205.76	-	3551.05	-	-	-	-	-	10	-
HIV1.cut.id_U39362.2	521.24	4861.11	-	4937.36	-	-	-	-	-	10	-
HIV1.cut.id_U43096.1	2663.12	4406.78	-	4073.15	4629.63	-	-	-	-	10	-
HIV1.cut.id_U43141.1	1872.25	359.71	956.02	3265.0	-	-	-	4814.81	-	10	-
HIV1.cut.id_U46016.1	206.76	231.16	-	1597.3	0.0	-	-	-	-	10	-
HIV1.cut.id_U51188.1	41.41	1475.41	-	2155.61	-	-	-	-	-	10	-
HIV1.cut.id_U51189.1	1427.08	3887.4	-	3496.9	-	-	-	4366.81	-	10	-
HIV1.cut.id_U51190.1	2783.21	345.04	-	6919.53	-	-	-	-	-	10	-
HIV1.cut.id_U52953.1	368.34	-	-	1715.27	-	-	-	-	-	10	-
HIV1.cut.id_U54771.1	12663.37	4822.34	-	5078.53	-	-	-	-	-	10	-
HIV1.cut.id_U63632.1	843.81	-	-	4216.87	-	-	-	-	-	10	-
HIV1.cut.id_U69584.1	3944.61	-	4956.27	4444.44	-	-	-	-	-	10	-
HIV1.cut.id_U69585.1	2187.09	-	-	-	-	-	-	-	-	10	-
HIV1.cut.id_U69586.1	2171.47	3102.04	-	3342.39	-	-	-	-	-	10	-
HIV1.cut.id_U69587.1	2272.73	2311.8	-	2041.97	-	-	-	-	-	10	-
HIV1.cut.id_U69588.1	2051.76	-	-	4912.52	-	-	-	-	-	10	-
HIV1.cut.id_U69589.1	1728.69	-	-	3964.32	-	-	-	-	-	10	-
HIV1.cut.id_U69590.1	706.51	-	-	-	-	-	-	-	-	10	-
HIV1.cut.id_U69591.1	298.1	1246.88	-	5887.6	-	-	-	-	-	10	-
HIV1.cut.id_U69592.1	-	-	-	-	-	-	-	-	-	10	-
HIV1.cut.id_U69593.1	2765.8	-	-	323.62	-	-	-	-	-	10	-
HIV1.cut.id_U71182.1	305.48	4741.81	-	5449.1	-	-	-	-	-	10	-
HIV1.cut.id_U86780.1	23.31	238.66	1117.32	3149.79	283.09	-	-	-	-	10	-
HIV1.cut.id_U88822.1	1098.58	213.6	-	2543.41	0.0	-	-	-	-	10	-
HIV1.cut.id_U88823.1	182.26	-	-	3384.95	-	-	-	-	-	10	-
HIV1.cut.id_U88824.1	56.55	507.37	-	1496.08	240.67	-	-	-	-	10	-
HIV1.cut.id_U88825.1	1661.83	3735.99	491.23	2759.69	-	-	-	-	-	10	-
HIV1.cut.id_U88826.1	5160.67	1054.02	1766.78	1758.53	273.79	-	-	-	-	10	-
HIV1.cut.id_X01762.1	2786.11	-	-	-	-	-	4797.74	-	-	10	-
HIV1.cut.id_X04415.1	-	-	-	773.69	0.0	-	-	-	-	10	-
HIV1.cut.id_Z11530.1	4343.79	-	-	-	-	-	-	-	-	10	-
HIV1.cut.id_A04321.1	1854.3	-	-	3081.23	-	-	-	-	-	100	-
HIV1.cut.id_A07108.1	0.0	151.8	-	-	-	-	-	-	-	100	-
HIV1.cut.id_A07116.1	172.44	0.0	141.2	3015.65	751.88	-	-	437.32	-	100	-
HIV1.cut.id_A07867.1	929.9	4390.24	4487.18	-	-	-	-	-	-	100	-
HIV1.cut.id_A14116.1	-	166.48	1799.86	2382.34	0.0	-	-	-	-	100	-
HIV1.cut.id_A34828.1	1676.99	4147.16	830.23	3215.43	-	-	-	-	-	100	-
HIV1.cut.id_AB023804.1	255.51	-	-	8095.68	-	-	-	-	-	100	-
HIV1.cut.id_AB032740.1	271.81	250.63	-	872.89	-	-	-	-	-	100	-
HIV1.cut.id_AB032741.1	1413.39	-	-	3429.6	-	-	-	-	-	100	-
HIV1.cut.id_AB049811.1	0.0	385.54	1296.41	4791.82	130.72	-	-	1946.65	-	100	-
HIV1.cut.id_AB052867.1	0.0	58.33	1306.05	4667.52	1290.52	-	2369.67	-	-	100	-
HIV1.cut.id_AB052995.1	-	-	-	10025.26	-	-	-	-	-	100	-
HIV1.cut.id_AB070352.1	392.03	-	-	3335.51	-	-	-	-	-	100	-
HIV1.cut.id_AB070353.1	987.37	-	-	4269.97	-	-	-	-	-	100	-
HIV1.cut.id_AB078005.1	97.3	334.57	-	1488.83	367.84	-	-	-	-	100	-
HIV1.cut.id_AB097865.1	118.57	0.0	432.73	1180.9	52.77	-	-	-	-	100	-
HIV1.cut.id_AB097866.1	555.68	418.02	3076.92	4234.92	-	-	-	-	-	100	-
HIV1.cut.id_AB097867.1	129.7	112.02	-	5070.63	-	-	-	-	-	100	-
HIV1.cut.id_AB097868.1	1868.56	-	-	9749.74	0.0	-	-	-	-	100	-
HIV1.cut.id_AB097869.1	1954.94	0.0	480.48	4592.42	88.65	-	-	-	-	100	-
HIV1.cut.id_AB097870.1	0.0	144.75	278.29	6320.26	-	-	-	-	-	100	-
HIV1.cut.id_AB097871.1	1278.36	163.87	463.39	4656.67	-	-	-	-	-	100	-
HIV1.cut.id_AB097872.1	486.92	0.0	-	9506.83	-	-	-	950.57	-	100	-
HIV1.cut.id_AB097873.1	0.0	0.0	3134.33	3442.21	-	-	-	-	-	100	-
HIV1.cut.id_AB098330.1	-	-	1124.57	635.23	379.91	-	-	-	-	100	-
HIV1.cut.id_AB098331.1	573.38	71.68	1417.0	4238.92	245.9	-	-	-	-	100	-
HIV1.cut.id_AB098332.1	44.04	0.0	630.1	4645.62	394.72	-	-	-	-	100	-
HIV1.cut.id_AB098333.1	-	189.69	-	4966.54	-	-	-	534.35	-	100	-
HIV1.cut.id_AB220944.1	768.05	-	-	-	-	-	-	-	-	100	-
HIV1.cut.id_AB220945.1	2028.37	-	-	4034.09	-	-	-	-	-	100	-
HIV1.cut.id_AB220946.1	2760.8	89.13	-	4310.18	-	-	-	-	-	100	-
HIV1.cut.id_AB220947.1	2362.33	271.25	-	3639.12	-	-	-	-	-	100	-
HIV1.cut.id_AB220948.1	2516.19	4537.31	-	5142.41	-	-	-	-	-	100	-
HIV1.cut.id_AB221005.1	-	-	-	4081.63	-	-	-	-	-	100	-
HIV1.cut.id_AB221125.1	21.95	-	123.1	1056.34	28.07	-	-	-	-	100	-
HIV1.cut.id_AB221126.1	-	0.0	923.91	4894.94	-	-	-	-	-	100	-
HIV1.cut.id_AB231893.1	1830.54	-	67.57	-	-	-	-	-	-	100	-
HIV1.cut.id_AB231894.1	2839.6	69.17	1521.96	395.83	0.0	-	-	0.0	-	100	-
HIV1.cut.id_AB231895.1	349.04	0.0	574.71	1934.49	0.0	-	-	0.0	-	100	-
HIV1.cut.id_AB231896.1	0.0	32.75	1280.0	3679.51	0.0	-	-	0.0	-	100	-
HIV1.cut.id_AB231897.1	2020.97	0.0	841.07	4958.85	0.0	-	-	0.0	-	100	-
HIV1.cut.id_AB231898.1	1595.51	0.0	417.01	5938.28	0.0	-	-	0.0	-	100	-
HIV1.cut.id_AB253421.1	352.15	337.27	260.87	-	1217.86	-	-	4534.31	-	100	-
HIV1.cut.id_AB253422.1	1925.4	240.58	82.51	1521.81	446.43	-	4222.97	-	-	100	-
HIV1.cut.id_AB253423.1	-	-	-	-	-	-	-	-	-	100	-
HIV1.cut.id_AB253424.1	4658.72	-	-	3162.29	-	-	-	-	-	100	-
HIV1.cut.id_AB253425.1	2020.2	3841.39	-	4010.88	-	-	-	-	-	100	-
HIV1.cut.id_AB253426.1	2065.93	-	-	400.32	297.03	-	-	-	-	100	-
HIV1.cut.id_AB253427.1	136.09	299.04	-	2554.82	-	-	-	-	-	100	-
HIV1.cut.id_AB253428.1	667.4	0.0	4878.05	3093.79	-	-	-	-	-	100	-
HIV1.cut.id_AB253429.1	1290.67	240.65	-	3625.44	0.0	-	-	-	-	100	-
HIV1.cut.id_AB253430.1	4195.8	0.0	-	4554.22	2840.91	-	-	-	-	100	-
HIV1.cut.id_AB253431.1	657.14	809.35	144.72	3868.53	-	-	-	-	-	100	-
HIV1.cut.id_AB253432.1	2189.32	0.0	-	-	-	-	-	-	-	100	-
HIV1.cut.id_AB253635.1	628.93	-	-	-	-	-	-	-	-	100	-
HIV1.cut.id_AB253636.1	-	-	-	-	-	-	-	-	-	100	-
HIV1.cut.id_AB253637.1	2280.83	-	-	-	-	-	-	-	-	100	-
HIV1.cut.id_AB253638.1	1149.43	-	-	-	-	-	-	-	-	100	-
HIV1.cut.id_AB253639.1	-	-	-	-	-	-	-	-	-	100	-
HIV1.cut.id_AB253640.1	3040.75	-	-	4006.16	-	-	3177.0	-	-	100	-
HIV1.cut.id_AB253641.1	-	-	-	-	-	-	-	-	-	100	-
HIV1.cut.id_AB253642.1	1688.01	-	-	2816.9	-	-	-	-	-	100	-
HIV1.cut.id_AB253643.1	0.0	3879.31	-	-	-	-	-	-	-	100	-
HIV1.cut.id_AB253644.1	782.93	-	-	-	-	-	-	-	-	100	-
HIV1.cut.id_AB253645.1	2556.1	-	-	-	-	-	-	-	-	100	-
HIV1.cut.id_AB253646.1	537.63	-	-	1351.35	-	-	-	-	-	100	-
HIV1.cut.id_AB253647.1	-	-	-	-	-	-	-	-	-	100	-
HIV1.cut.id_AB253648.1	367.02	-	-	-	-	-	-	-	-	100	-
HIV1.cut.id_AB253649.1	526.49	-	-	1996.53	-	-	-	-	-	100	-
HIV1.cut.id_AB253650.1	4408.9	-	-	5130.69	-	-	-	-	-	100	-
HIV1.cut.id_AB253651.1	-	-	-	90.74	-	-	-	-	-	100	-
HIV1.cut.id_AB253652.1	-	-	-	8743.84	-	-	2904.96	-	-	100	-
HIV1.cut.id_AB253653.1	2251.41	-	-	-	-	-	-	-	-	100	-
HIV1.cut.id_AB253654.1	-	-	-	-	-	-	-	-	-	100	-
HIV1.cut.id_AB253655.1	-	-	-	1890.36	-	-	-	-	-	100	-
HIV1.cut.id_AB253656.1	-	-	-	1438.05	-	-	-	-	-	100	-
HIV1.cut.id_AB253657.1	-	-	-	-	-	-	-	-	-	100	-
HIV1.cut.id_AB253658.1	-	-	-	1600.56	-	-	-	-	-	100	-
HIV1.cut.id_AB253659.1	-	-	-	0.0	-	-	-	-	-	100	-
HIV1.cut.id_AB253660.1	762.71	-	-	1351.35	-	-	-	-	-	100	-
HIV1.cut.id_AB253661.1	-	-	-	-	-	-	-	-	-	100	-
HIV1.cut.id_AB253662.1	-	87.72	-	523.24	-	-	-	-	-	100	-
HIV1.cut.id_AB253663.1	-	-	-	-	-	-	-	-	-	100	-
HIV1.cut.id_AB253664.1	1035.47	-	-	972.45	-	-	-	-	-	100	-
HIV1.cut.id_AB253665.1	-	-	-	5706.52	-	-	-	-	-	100	-
HIV1.cut.id_AB253666.1	-	-	-	-	-	-	-	-	-	100	-
HIV1.cut.id_AB253667.1	-	-	-	3877.42	-	-	-	-	-	100	-
HIV1.cut.id_AB253668.1	436.92	-	-	-	-	-	-	-	-	100	-
HIV1.cut.id_AB253669.1	-	-	-	-	-	-	-	-	-	100	-
HIV1.cut.id_AB253670.1	111.54	-	-	-	-	-	-	-	-	100	-
HIV1.cut.id_AB253671.1	-	-	-	578.59	-	-	-	-	-	100	-
HIV1.cut.id_AB253672.1	-	-	-	584.8	-	-	-	-	-	100	-
HIV1.cut.id_AB253673.1	-	-	-	-	-	-	-	-	-	100	-
HIV1.cut.id_AB253674.1	700.28	-	-	-	-	-	-	-	-	100	-
HIV1.cut.id_AB253675.1	1166.97	-	-	1904.76	-	-	-	-	-	100	-
HIV1.cut.id_AB253676.1	1065.16	-	-	-	-	-	-	-	-	100	-
HIV1.cut.id_AB253677.1	-	-	-	-	-	-	-	-	-	100	-
HIV1.cut.id_AB253678.1	1474.93	-	-	-	-	-	-	-	-	100	-
HIV1.cut.id_AB253679.1	-	-	-	-	-	-	-	-	-	100	-
HIV1.cut.id_AB253680.1	-	-	-	-	-	-	-	-	-	100	-
HIV1.cut.id_AB253681.1	1706.58	-	-	-	-	-	-	-	-	100	-
HIV1.cut.id_AB253682.1	-	-	-	3611.81	-	-	-	-	-	100	-
HIV1.cut.id_AB253683.1	696.38	-	-	-	-	-	-	-	-	100	-
HIV1.cut.id_AB253684.1	796.36	-	-	-	-	-	-	-	-	100	-
HIV1.cut.id_AB253685.1	664.3	-	-	3146.85	-	-	2420.75	-	-	100	-
HIV1.cut.id_AB253686.1	0.0	-	-	1614.43	-	-	-	-	-	100	-
HIV1.cut.id_AB253687.1	927.07	-	-	633.2	-	-	-	-	-	100	-
HIV1.cut.id_AB253688.1	5170.39	-	-	3689.32	-	-	-	-	-	100	-
HIV1.cut.id_AB253689.1	-	-	-	1638.31	-	-	-	-	-	100	-
HIV1.cut.id_AB253690.1	1293.43	-	-	371.06	-	-	-	-	-	100	-
HIV1.cut.id_AB253691.1	-	-	-	7378.64	-	-	-	-	-	100	-
HIV1.cut.id_AB253692.1	-	-	-	3705.92	-	-	-	-	-	100	-
HIV1.cut.id_AB253693.1	-	-	-	-	-	-	-	-	-	100	-
HIV1.cut.id_AB253694.1	-	-	-	482.63	-	-	-	2770.08	-	100	-
HIV1.cut.id_AB253695.1	434.78	-	-	-	-	-	-	-	-	100	-
HIV1.cut.id_AB253696.1	785.01	-	-	1990.32	-	-	-	-	-	100	-
HIV1.cut.id_AB253697.1	-	-	4796.16	950.73	-	-	-	-	-	100	-
HIV1.cut.id_AB253698.1	909.09	-	-	-	-	-	-	-	-	100	-
HIV1.cut.id_AB253699.1	437.38	-	4878.05	1584.16	-	-	-	-	-	100	-
HIV1.cut.id_AB253700.1	-	-	-	226.76	-	-	-	-	-	100	-
HIV1.cut.id_AB253701.1	750.0	-	-	-	-	-	-	-	-	100	-
HIV1.cut.id_AB253702.1	1253.8	-	-	1784.9	-	-	-	-	-	100	-
HIV1.cut.id_AB253703.1	-	-	-	-	-	-	-	-	-	100	-
HIV1.cut.id_AB253704.1	127.77	-	-	-	-	-	-	-	-	100	-
HIV1.cut.id_AB253705.1	724.23	-	-	-	-	-	-	-	-	100	-
HIV1.cut.id_AB253706.1	610.72	-	-	-	-	-	-	-	-	100	-
HIV1.cut.id_AB253707.1	345.87	-	-	-	-	-	-	-	-	100	-
HIV1.cut.id_AB253708.1	-	-	-	-	-	-	-	-	-	100	-
HIV1.cut.id_AB253709.1	633.5	-	-	4378.0	-	-	-	-	-	100	-
HIV1.cut.id_AB253710.1	1129.03	-	-	-	-	-	-	-	-	100	-
HIV1.cut.id_AB253711.1	1571.27	-	-	-	-	-	-	-	-	100	-
HIV1.cut.id_AB253712.1	1043.48	-	-	-	-	-	-	-	-	100	-
HIV1.cut.id_AB253713.1	-	-	-	-	-	-	-	-	-	100	-
HIV1.cut.id_AB253714.1	1039.7	-	-	4545.45	-	-	-	-	-	100	-
HIV1.cut.id_AB253715.1	4470.59	-	-	-	-	-	-	-	-	100	-
HIV1.cut.id_AB253716.1	1097.56	-	-	-	-	-	-	-	-	100	-
HIV1.cut.id_AB253717.1	-	-	-	-	-	-	-	-	-	100	-
HIV1.cut.id_AB253718.1	1682.19	-	-	-	-	-	-	-	-	100	-
HIV1.cut.id_AB253719.1	-	-	-	-	-	-	-	-	-	100	-
HIV1.cut.id_AB253720.1	1141.23	-	-	-	-	-	-	-	-	100	-
HIV1.cut.id_AB253721.1	-	-	-	-	-	-	-	-	-	100	-
HIV1.cut.id_AB253722.1	-	-	-	-	-	-	-	-	-	100	-
HIV1.cut.id_AB253723.1	-	-	-	2564.1	-	-	-	-	-	100	-
HIV1.cut.id_AB253724.1	862.07	-	-	-	-	-	-	-	-	100	-
HIV1.cut.id_AB253725.1	-	-	-	-	-	-	-	-	-	100	-
HIV1.cut.id_AB254141.1	2065.8	465.12	-	2658.84	-	-	4026.85	-	-	100	-
HIV1.cut.id_AB254142.1	986.77	77.99	1185.57	2543.56	27.9	-	-	-	-	100	-
HIV1.cut.id_AB254143.1	-	-	-	4176.67	-	-	1264.82	-	-	100	-
HIV1.cut.id_AB254144.1	-	-	267.56	-	-	-	-	-	-	100	-
HIV1.cut.id_AB254145.1	2046.2	-	-	1097.97	0.0	-	-	-	-	100	-
HIV1.cut.id_AB254146.1	2350.35	406.87	2064.9	2876.11	-	-	-	1014.49	-	100	-
HIV1.cut.id_AB254147.1	1724.67	0.0	-	4687.5	-	-	-	-	-	100	-
HIV1.cut.id_AB254148.1	11.01	305.3	818.64	1795.38	0.0	-	-	-	-	100	-
HIV1.cut.id_AB254149.1	0.0	0.0	953.21	3914.11	0.0	-	-	-	-	100	-
HIV1.cut.id_AB254150.1	836.08	2807.83	-	32.46	-	-	-	-	-	100	-
HIV1.cut.id_AB254151.1	1698.56	3139.24	-	1051.05	500.0	-	-	-	-	100	-
HIV1.cut.id_AB254152.1	1997.15	-	-	-	-	-	-	-	-	100	-
HIV1.cut.id_AB254153.2	-	-	-	-	210.82	-	-	-	-	100	-
HIV1.cut.id_AB254154.1	-	-	67.45	3028.19	3184.71	-	-	-	-	100	-
HIV1.cut.id_AB254155.1	1665.21	121.29	3402.27	4388.71	4096.39	-	-	-	-	100	-
HIV1.cut.id_AB254156.1	-	-	-	4069.99	493.37	-	-	147.93	-	100	-
HIV1.cut.id_AB286849.1	317.67	0.0	550.46	2160.19	0.0	-	-	-	-	100	-
HIV1.cut.id_AB286850.1	-	1390.61	1266.44	1590.61	1569.28	-	-	82.37	-	100	-
HIV1.cut.id_AB286851.1	-	23.13	0.0	2501.14	118.01	-	2170.54	1790.53	-	100	-
HIV1.cut.id_AB286852.1	0.0	278.81	2267.21	2152.81	0.0	-	-	-	-	100	-
HIV1.cut.id_AB286853.1	664.1	0.0	456.2	2373.71	102.81	-	-	-	-	100	-
HIV1.cut.id_AB286854.1	394.95	0.0	1040.94	2950.31	0.0	-	-	0.0	-	100	-
HIV1.cut.id_AB286855.1	-	0.0	1590.11	2765.49	-	-	-	-	-	100	-
HIV1.cut.id_AB286856.1	152.96	3400.92	1332.45	2256.57	408.81	-	-	-	-	100	-
HIV1.cut.id_AB286857.1	382.76	1232.47	727.27	7648.06	622.15	-	-	-	-	100	-
HIV1.cut.id_AB286858.1	614.04	-	-	1781.04	0.0	-	3213.61	2762.15	-	100	-
HIV1.cut.id_AB286859.1	164.47	294.88	-	3731.66	0.0	-	1873.54	-	-	100	-
HIV1.cut.id_AB286860.1	21.96	0.0	378.35	1250.45	0.0	-	-	-	-	100	-
HIV1.cut.id_AB286861.1	399.68	-	1666.11	698.76	328.95	-	-	-	-	100	-
HIV1.cut.id_AB286862.1	971.9	1597.65	-	2275.01	0.0	-	-	-	-	100	-
HIV1.cut.id_AB286863.1	3156.16	71.35	980.07	3461.1	0.0	-	-	-	-	100	-
HIV1.cut.id_AB286864.1	365.97	0.0	-	3689.76	1100.11	-	-	735.59	-	100	-
HIV1.cut.id_AB286955.1	-	-	-	-	-	-	-	-	-	100	-
HIV1.cut.id_AB286956.1	3529.93	-	-	-	-	-	-	-	-	100	-
HIV1.cut.id_AB287003.1	262.3	838.95	1611.46	4134.53	184.88	-	-	-	-	100	-
HIV1.cut.id_AB287004.1	1874.39	-	2332.16	1432.18	-	-	-	228.66	-	100	-
HIV1.cut.id_AB287363.1	550.72	0.0	1628.9	3160.53	0.0	-	-	-	-	100	-
HIV1.cut.id_AB287364.1	699.2	1891.16	-	4672.9	316.57	-	-	-	-	100	-
HIV1.cut.id_AB287365.1	0.0	0.0	1972.6	2808.99	-	-	-	-	-	100	-
HIV1.cut.id_AB287366.1	1032.99	65.55	-	1963.53	779.82	-	-	0.0	-	100	-
HIV1.cut.id_AB287367.1	551.86	65.4	1023.26	2043.6	0.0	-	-	-	-	100	-
HIV1.cut.id_AB287368.1	32.85	210.48	2097.9	1258.05	2109.7	-	-	0.0	-	100	-
HIV1.cut.id_AB287369.1	1563.26	94.34	-	4715.25	-	-	-	-	-	100	-
HIV1.cut.id_AB287370.1	1641.66	1169.84	-	2114.29	-	-	-	-	-	100	-
HIV1.cut.id_AB287371.1	1866.49	-	91.24	4221.43	-	-	-	-	-	100	-
HIV1.cut.id_AB287372.1	3778.5	-	627.52	1317.03	-	-	-	-	-	100	-
HIV1.cut.id_AB287376.1	73.39	-	-	369.69	155.46	-	2653.4	-	-	100	-
HIV1.cut.id_AB287377.1	14.89	19.71	320.0	2746.4	285.2	-	-	0.0	-	100	-
HIV1.cut.id_AB287378.1	98.22	35.11	-	2028.87	55.71	-	-	-	-	100	-
HIV1.cut.id_AB287379.1	631.35	544.66	2345.31	2502.23	1273.89	-	-	0.0	-	100	-
HIV1.cut.id_AB289587.1	-	446.87	1275.05	1540.28	423.01	-	-	-	-	100	-
HIV1.cut.id_AB289588.1	11.0	570.54	-	919.65	-	-	-	2384.5	-	100	-
HIV1.cut.id_AB289589.1	1683.98	-	353.98	-	-	-	-	-	-	100	-
HIV1.cut.id_AB289590.1	689.05	581.4	257.07	1071.62	0.0	-	-	-	-	100	-
HIV1.cut.id_AB428551.1	788.77	723.14	963.3	5124.32	1571.71	-	-	-	-	100	-
HIV1.cut.id_AB428552.1	2608.35	-	-	-	-	-	-	-	-	100	-
HIV1.cut.id_AB428553.1	582.69	-	-	5492.13	-	-	-	-	-	100	-
HIV1.cut.id_AB428554.1	113.51	-	-	-	-	-	-	-	-	100	-
HIV1.cut.id_AB428555.1	4146.86	-	-	-	-	-	-	-	-	100	-
HIV1.cut.id_AB428556.1	2659.64	-	-	3930.13	-	-	-	-	-	100	-
HIV1.cut.id_AB428557.1	1789.32	-	-	-	-	-	-	-	-	100	-
HIV1.cut.id_AB428558.1	3746.7	-	-	2297.7	252.65	-	-	228.83	-	100	-
HIV1.cut.id_AB428559.1	2425.01	-	-	2245.25	-	-	-	-	-	100	-
HIV1.cut.id_AB428560.1	1360.54	-	-	2473.5	-	-	-	-	-	100	-
HIV1.cut.id_AB428561.1	277.65	375.17	-	-	-	-	-	-	-	100	-
HIV1.cut.id_AB428562.1	977.24	151.8	197.82	-	-	-	-	-	-	100	-
HIV1.cut.id_AB480044.1	0.0	679.66	522.83	2654.54	-	-	-	-	-	100	-
HIV1.cut.id_AB480045.1	1925.13	0.0	-	4921.47	-	-	-	-	-	100	-
HIV1.cut.id_AB480046.1	1909.34	-	1224.02	3431.61	802.69	-	-	738.49	-	100	-
HIV1.cut.id_AB480047.1	251.08	0.0	1462.4	3832.0	563.56	-	-	-	-	100	-
HIV1.cut.id_AB480048.1	0.0	-	1755.73	5366.32	0.0	-	-	0.0	-	100	-
HIV1.cut.id_AB480298.1	187.08	0.0	-	2496.23	336.02	-	-	-	-	100	-
HIV1.cut.id_AB480299.1	-	0.0	-	2280.91	-	-	-	500.0	-	100	-
HIV1.cut.id_AB480300.1	75.49	1159.9	560.6	5003.54	285.06	-	2255.64	-	-	100	-
HIV1.cut.id_AB480301.1	386.44	177.46	-	2853.49	605.63	-	4719.39	175.13	-	100	-
HIV1.cut.id_AB480692.1	957.41	0.0	2286.2	3560.72	0.0	-	4697.99	-	-	100	-
HIV1.cut.id_AB480693.1	450.3	297.8	-	3292.18	-	-	-	0.0	-	100	-
HIV1.cut.id_AB480694.1	1324.32	-	84.89	7620.6	-	-	-	-	-	100	-
HIV1.cut.id_AB480695.1	1166.76	386.6	-	3364.52	1305.97	-	-	180.18	-	100	-
HIV1.cut.id_AB480696.1	477.57	-	0.0	2276.87	-	-	-	238.95	-	100	-
HIV1.cut.id_AB480697.1	343.47	161.46	1083.74	1149.43	908.61	-	-	-	-	100	-
HIV1.cut.id_AB480698.1	131.18	247.4	2517.31	2341.2	0.0	-	-	-	-	100	0.0
HIV1.cut.id_AB485632.1	185.87	0.0	48.29	7122.13	0.0	-	-	-	-	100	-
HIV1.cut.id_AB485633.1	2667.25	0.0	128.14	2686.0	0.0	-	-	-	-	100	-
HIV1.cut.id_AB485634.1	0.0	-	-	6121.63	-	-	-	-	-	100	-
HIV1.cut.id_AB485635.1	135.36	-	-	2632.64	167.36	-	-	-	-	100	-
HIV1.cut.id_AB485636.1	1920.44	282.66	636.55	3519.31	783.55	-	-	-	-	100	-
HIV1.cut.id_AB485637.1	748.4	2066.67	-	1494.53	782.78	-	-	4823.99	-	100	-
HIV1.cut.id_AB485638.1	157.68	-	695.13	2235.54	-	-	-	-	-	100	-
HIV1.cut.id_AB485639.1	500.3	-	-	-	-	-	-	-	-	100	-
HIV1.cut.id_AB485640.1	376.41	-	-	-	-	-	-	-	-	100	-
HIV1.cut.id_AB485641.1	2981.37	-	-	1598.84	-	-	-	-	-	100	-
HIV1.cut.id_AB485642.1	489.24	246.91	-	4264.21	541.52	-	-	-	-	100	-
HIV1.cut.id_AB485643.1	210.29	-	-	3989.59	1415.09	-	-	-	-	100	-
HIV1.cut.id_AB485644.1	2690.58	25.8	2500.0	2119.57	-	-	-	-	-	100	-
HIV1.cut.id_AB485645.1	895.58	3584.56	1357.73	8596.55	-	-	-	-	-	100	-
HIV1.cut.id_AB485646.1	52.99	2369.67	-	4634.74	-	-	-	-	-	100	-
HIV1.cut.id_AB485647.1	-	2946.83	4054.05	3875.1	195.5	-	4953.15	-	-	100	-
HIV1.cut.id_AB485648.1	246.47	21.76	315.02	2121.11	-	-	-	-	-	100	-
HIV1.cut.id_AB485649.1	944.02	-	-	1623.15	0.0	-	-	0.0	-	100	-
HIV1.cut.id_AB485650.1	-	56.37	1752.74	1162.01	0.0	-	-	2798.35	-	100	-
HIV1.cut.id_AB485651.1	1050.79	-	-	4163.27	-	-	3863.3	3905.65	-	100	-
HIV1.cut.id_AB485652.1	1129.61	-	-	3240.36	-	-	-	-	-	100	-
HIV1.cut.id_AB485653.1	4776.67	-	-	-	-	-	-	-	-	100	-
HIV1.cut.id_AB485654.1	274.86	-	-	-	-	-	-	-	-	100	-
HIV1.cut.id_AB485655.1	1452.78	-	-	4075.9	-	-	-	-	-	100	-
HIV1.cut.id_AB485656.1	1324.97	3389.83	643.38	5978.12	-	-	-	1419.21	-	100	-
HIV1.cut.id_AB485657.1	320.51	566.94	1759.53	8569.43	-	-	4964.54	-	-	100	-
HIV1.cut.id_AB485658.1	1081.14	-	1915.71	2273.13	0.0	-	457.46	-	-	100	-
HIV1.cut.id_AB485659.1	2517.16	943.6	0.0	1805.05	95.6	-	-	-	-	100	-
HIV1.cut.id_AB485660.1	-	147.28	142.45	1445.78	-	-	-	-	-	100	-
HIV1.cut.id_AB485661.1	0.0	382.04	653.44	2957.98	119.03	-	-	1832.63	-	100	-
HIV1.cut.id_AB485662.1	1720.84	-	-	4277.58	-	-	3728.81	4382.47	-	100	-
HIV1.cut.id_AB485663.1	980.81	-	-	1060.82	-	-	-	4953.92	-	100	-
HIV1.cut.id_AB485664.1	3346.5	-	-	497.64	0.0	-	-	-	-	100	-
HIV1.cut.id_AB485665.1	-	2260.13	1132.87	2467.69	651.89	-	1787.27	440.41	-	100	-
HIV1.cut.id_AB485666.1	731.06	160.84	1644.1	3595.33	-	-	2489.63	-	-	100	-
HIV1.cut.id_AB485667.1	454.74	402.5	2115.43	12375.49	278.05	-	-	1057.69	-	100	-
HIV1.cut.id_AB485668.1	7097.54	194.65	4731.86	93.85	-	-	-	3934.26	-	100	-
HIV1.cut.id_AB485669.1	7151.31	-	155.04	7719.88	-	-	3288.06	2154.75	-	100	-
HIV1.cut.id_AB547463.1	4353.18	581.73	-	4877.34	-	-	-	-	-	100	-
HIV1.cut.id_AB547464.1	2291.97	2393.88	3703.7	6516.39	-	-	-	-	-	100	-
HIV1.cut.id_AB564744.1	3713.1	1013.33	-	4661.02	-	-	-	-	-	100	-
HIV1.cut.id_AB564745.1	1266.2	-	-	1798.33	-	-	-	2714.93	-	100	-
HIV1.cut.id_AB564746.1	1995.64	-	-	2185.55	-	-	-	-	-	100	-
HIV1.cut.id_AB565478.1	-	76.05	-	2102.74	-	-	-	-	-	100	-
HIV1.cut.id_AB565479.1	469.43	-	-	1329.31	-	-	-	-	-	100	-
HIV1.cut.id_AB565495.1	1659.08	0.0	-	2183.0	-	-	-	0.0	-	100	-
HIV1.cut.id_AB565496.1	58.11	32.69	-	327.08	-	-	-	-	-	100	-
HIV1.cut.id_AB565497.1	79.42	-	-	2933.51	-	-	-	-	-	100	-
HIV1.cut.id_AB565498.1	2311.01	209.11	2068.47	2019.39	2758.62	-	-	-	-	100	-
HIV1.cut.id_AB565499.1	-	-	-	0.0	0.0	-	-	0.0	-	100	-
HIV1.cut.id_AB565500.1	528.05	53.39	-	380.95	0.0	-	-	-	-	100	-
HIV1.cut.id_AB565501.1	264.58	0.0	-	504.63	-	-	-	0.0	-	100	-
HIV1.cut.id_AB565502.1	767.68	-	837.29	1992.69	59.33	-	-	-	-	100	-
HIV1.cut.id_AB565503.1	4985.34	-	-	1389.73	-	-	-	-	-	100	-
HIV1.cut.id_AB565504.1	792.25	0.0	377.36	-	-	-	-	-	-	100	-
HIV1.cut.id_AB604946.1	3170.84	566.28	-	3342.68	-	-	-	-	-	100	-
HIV1.cut.id_AB604947.1	482.51	-	-	2978.72	-	-	-	-	-	100	-
HIV1.cut.id_AB604948.1	0.0	820.63	-	643.65	110.07	-	-	-	-	100	-
HIV1.cut.id_AB604949.1	2554.7	-	-	1222.95	-	-	-	-	-	100	-
HIV1.cut.id_AB604950.1	711.07	0.0	-	2945.19	-	-	-	-	-	100	-
HIV1.cut.id_AB604951.1	-	868.81	-	3607.77	4210.53	-	-	-	-	100	-
HIV1.cut.id_AB641836.2	1048.19	0.0	-	2014.42	-	-	-	-	-	100	-
HIV1.cut.id_AB641837.2	0.0	-	0.0	1443.34	74.87	-	-	-	-	100	-
HIV1.cut.id_AB646289.1	1002.91	59.65	1895.91	3889.23	0.0	-	-	-	-	100	-
HIV1.cut.id_AB646691.1	1973.83	-	-	883.53	70.27	-	-	-	-	100	-
HIV1.cut.id_AB731663.1	98.55	-	-	2502.91	-	-	-	-	-	100	-
HIV1.cut.id_AB731664.1	-	0.0	1859.23	3467.34	126.22	-	-	-	-	100	-
HIV1.cut.id_AB731665.1	430.42	-	1328.74	2759.95	-	-	-	-	-	100	-
HIV1.cut.id_AB731666.1	1067.89	317.84	-	1318.94	-	-	-	-	-	100	-
HIV1.cut.id_AB731667.1	773.97	135.59	96.15	1889.17	-	-	-	-	-	100	-
HIV1.cut.id_AB731668.1	827.08	897.1	858.37	-	169.84	-	-	-	-	100	-
HIV1.cut.id_AB731669.1	2961.38	-	-	2334.15	-	-	-	-	-	100	-
HIV1.cut.id_AB731670.1	864.55	1142.86	-	4815.86	-	-	-	-	-	100	-
HIV1.cut.id_AB746342.2	0.0	-	-	4719.76	-	-	0.0	-	-	100	-
HIV1.cut.id_AB746343.2	4681.68	4230.77	1876.68	1916.25	0.0	-	-	-	-	100	-
HIV1.cut.id_AB746344.2	2054.95	39.78	-	1535.93	-	-	-	-	-	100	-
HIV1.cut.id_AB746345.2	67.75	-	-	2675.16	-	-	-	-	-	100	-
HIV1.cut.id_AB845344.1	4668.17	5445.54	-	3569.96	-	-	-	-	-	100	-
HIV1.cut.id_AB845345.1	1004.66	-	44.05	3093.88	-	-	-	-	-	100	-
HIV1.cut.id_AB845346.1	1545.08	-	-	-	-	-	-	-	-	100	-
HIV1.cut.id_AB845347.1	579.71	-	-	3849.86	-	-	-	-	-	100	-
HIV1.cut.id_AB845348.1	78.38	0.0	296.52	5563.21	138.12	-	-	-	-	100	-
HIV1.cut.id_AB845349.1	0.0	606.24	654.45	1469.92	1313.06	-	-	0.0	-	100	-
HIV1.cut.id_AB859012.1	421.64	-	-	3980.34	-	-	-	-	-	100	-
HIV1.cut.id_AF003887.1	-	178.57	-	1078.36	-	-	-	-	-	100	-
HIV1.cut.id_AF003888.1	812.9	709.85	-	-	-	-	-	-	-	100	-
HIV1.cut.id_AF004394.1	136.95	246.0	1092.15	7776.26	-	-	-	3913.04	-	100	-
HIV1.cut.id_AF004885.1	220.58	255.96	859.88	4424.5	2121.72	-	-	-	-	100	-
HIV1.cut.id_AF005494.1	1293.49	0.0	164.61	2546.09	0.0	-	-	-	-	100	-
HIV1.cut.id_AF005495.1	2490.51	0.0	-	3973.9	-	-	-	-	-	100	-
HIV1.cut.id_AF005496.1	647.83	38.51	2473.56	2692.61	526.51	-	-	0.0	-	100	-
HIV1.cut.id_AF033819.3	1362.26	-	-	3066.6	-	-	-	-	-	100	-
HIV1.cut.id_AF042100.1	2228.2	0.0	-	3834.46	-	-	-	-	-	100	-
HIV1.cut.id_AF042101.1	526.06	1427.26	0.0	5648.48	-	-	-	-	-	100	-
HIV1.cut.id_AF042102.1	2646.37	0.0	-	4260.76	62.31	-	-	-	-	100	-
HIV1.cut.id_AF042103.1	229.65	3002.48	-	1170.41	0.0	-	-	-	-	100	-
HIV1.cut.id_AF042104.1	538.19	512.07	-	2953.51	0.0	-	-	0.0	-	100	-
HIV1.cut.id_AF042105.1	0.0	1392.83	-	3987.93	0.0	-	-	0.0	-	100	-
HIV1.cut.id_AF042106.1	1332.22	1590.91	581.66	3888.48	-	-	-	-	-	100	-
HIV1.cut.id_AF049337.1	4044.2	103.63	198.26	1904.89	0.0	-	-	0.0	-	100	-
HIV1.cut.id_AF049494.1	-	2112.03	1732.28	8635.7	-	-	-	-	-	100	-
HIV1.cut.id_AF049495.1	884.24	441.18	-	390.37	429.18	-	-	-	-	100	-
HIV1.cut.id_AF061640.1	4652.96	0.0	-	-	-	-	-	-	-	100	-
HIV1.cut.id_AF061641.1	2785.45	3044.92	-	2937.42	385.67	-	-	-	-	100	-
HIV1.cut.id_AF061642.1	672.25	0.0	534.76	1891.32	0.0	-	4173.35	1239.97	-	100	-
HIV1.cut.id_AF063223.1	1670.57	-	1129.03	-	-	-	-	-	-	100	-
HIV1.cut.id_AF063224.1	1662.76	348.43	-	5205.91	37.84	-	-	-	-	100	-
HIV1.cut.id_AF064699.1	152.26	108.48	605.82	2406.31	0.0	-	-	-	-	100	-
HIV1.cut.id_AF067154.1	984.94	0.0	-	6624.83	-	-	-	-	-	100	-
HIV1.cut.id_AF067155.1	152.54	0.0	4419.89	92.94	181.98	-	-	-	-	100	-
HIV1.cut.id_AF067156.1	0.0	0.0	833.33	3405.87	59.92	-	-	1814.06	-	100	-
HIV1.cut.id_AF067157.1	17.34	-	-	3500.0	-	-	-	-	-	100	-
HIV1.cut.id_AF067158.1	824.18	0.0	4893.62	4761.9	-	-	-	-	-	100	-
HIV1.cut.id_AF067159.1	215.55	0.0	1955.78	5113.08	-	-	-	-	-	100	-
HIV1.cut.id_AF069140.1	0.0	173.43	-	1676.68	-	-	-	-	-	100	-
HIV1.cut.id_AF069671.1	0.0	785.43	450.87	2914.25	76.39	-	-	1231.92	-	100	-
HIV1.cut.id_AF070521.1	1769.31	-	-	4494.38	-	-	-	-	-	100	-
HIV1.cut.id_AF075701.1	1374.03	1344.96	501.88	1488.78	0.0	-	-	-	-	100	-
HIV1.cut.id_AF075702.1	323.84	253.2	787.57	1977.47	0.0	-	-	1368.52	-	100	-
HIV1.cut.id_AF075703.1	0.0	125.69	1820.17	3707.82	0.0	-	-	-	-	100	-
HIV1.cut.id_AF075719.1	687.33	499.64	-	1814.52	-	-	-	-	-	100	-
HIV1.cut.id_AF076474.1	1075.27	148.04	1188.86	99.9	69.41	-	-	26.39	-	100	-
HIV1.cut.id_AF076475.1	0.0	1556.92	1971.07	641.19	0.0	-	-	0.0	-	100	-
HIV1.cut.id_AF076998.1	3281.42	0.0	854.7	2443.79	490.5	-	-	266.31	-	100	-
HIV1.cut.id_AF077336.1	0.0	53.58	2193.91	3917.17	0.0	-	-	0.0	-	100	-
HIV1.cut.id_AF082394.1	861.1	1424.9	183.68	2101.36	807.41	-	-	1691.95	-	100	-
HIV1.cut.id_AF082395.1	1131.81	287.0	1408.78	3723.03	2058.11	-	-	-	-	100	-
HIV1.cut.id_AF084936.1	0.0	0.0	2310.86	4722.83	2448.36	-	-	1184.6	-	100	-
HIV1.cut.id_AF086817.1	0.0	0.0	-	17427.5	0.0	-	-	-	-	100	-
HIV1.cut.id_AF107770.1	0.0	1024.71	1098.9	7126.1	0.0	-	-	3354.04	-	100	-
HIV1.cut.id_AF107771.1	0.0	101.96	1380.53	2409.13	0.0	-	-	0.0	-	100	-
HIV1.cut.id_AF110959.1	433.43	-	3571.43	666.67	-	-	-	-	-	100	-
HIV1.cut.id_AF110960.1	2036.36	1387.21	-	2297.87	-	-	-	2032.52	-	100	-
HIV1.cut.id_AF110961.1	-	-	-	9203.58	74.13	-	-	-	-	100	-
HIV1.cut.id_AF110962.1	318.37	1939.24	-	1682.02	-	-	-	-	-	100	-
HIV1.cut.id_AF110963.1	1289.75	0.0	3041.83	2171.86	-	-	-	-	-	100	-
HIV1.cut.id_AF110964.1	258.22	-	-	1251.42	-	-	-	-	-	100	-
HIV1.cut.id_AF110965.1	1410.84	0.0	178.97	7665.37	-	-	-	-	-	100	-
HIV1.cut.id_AF110966.1	2827.05	0.0	0.0	2960.97	-	-	-	-	-	100	-
HIV1.cut.id_AF110967.1	273.6	-	-	4384.57	-	-	-	-	-	100	-
HIV1.cut.id_AF110968.1	513.61	479.19	-	1788.62	86.51	-	-	-	-	100	-
HIV1.cut.id_AF110969.1	2819.3	555.86	-	4351.4	-	-	-	-	-	100	-
HIV1.cut.id_AF110970.1	1434.53	-	-	2167.58	992.69	-	-	-	-	100	-
HIV1.cut.id_AF110971.1	1010.33	-	-	3948.9	-	-	-	-	-	100	-
HIV1.cut.id_AF110972.1	1268.1	532.45	-	1756.31	0.0	-	-	-	-	100	-
HIV1.cut.id_AF110973.1	204.5	289.02	-	1413.43	-	-	-	1946.11	-	100	-
HIV1.cut.id_AF110974.1	-	177.83	2434.78	6325.04	2476.78	-	-	-	-	100	-
HIV1.cut.id_AF110975.1	-	1415.57	-	-	-	-	-	-	-	100	-
HIV1.cut.id_AF110976.1	1318.42	-	4878.05	1904.76	-	-	-	-	-	100	-
HIV1.cut.id_AF110977.1	1749.69	1012.66	-	1011.8	-	-	-	-	-	100	-
HIV1.cut.id_AF110978.1	2079.13	-	-	4080.72	-	-	-	-	-	100	-
HIV1.cut.id_AF110979.1	615.9	-	-	1379.31	-	-	-	-	-	100	-
HIV1.cut.id_AF110980.1	118.3	364.46	138.03	3141.18	297.03	-	-	-	-	100	-
HIV1.cut.id_AF110981.1	-	-	1579.33	4184.62	-	-	-	-	-	100	-
HIV1.cut.id_AF119819.1	43.71	675.77	744.35	2970.46	512.24	-	-	0.0	-	100	0.0
HIV1.cut.id_AF119820.1	6536.37	268.1	747.02	2589.26	0.0	-	-	942.51	-	100	0.0
HIV1.cut.id_AF164485.1	240.72	-	-	3570.36	-	-	-	-	-	100	-
HIV1.cut.id_AF179368.1	0.0	0.0	1005.48	6043.96	0.0	-	-	1360.34	-	100	-
HIV1.cut.id_AF184155.1	1101.8	423.13	931.53	4722.98	-	-	4716.98	-	-	100	-
HIV1.cut.id_AF190127.1	0.0	0.0	2012.3	2880.32	587.37	-	-	2480.68	-	100	0.0
HIV1.cut.id_AF192135.1	208.72	1549.16	1878.84	2007.87	15.89	-	-	0.0	-	100	-
HIV1.cut.id_AF193253.1	0.0	0.0	1459.23	1534.42	756.62	-	-	-	-	100	-
HIV1.cut.id_AF193275.1	2209.68	-	-	9506.4	-	-	-	-	-	100	-
HIV1.cut.id_AF193276.1	647.14	-	4573.8	963.68	-	-	-	-	-	100	-
HIV1.cut.id_AF193277.1	1210.18	-	-	2068.66	-	-	3057.2	1027.9	-	100	-
HIV1.cut.id_AF197338.1	2409.1	-	-	-	-	-	-	-	-	100	-
HIV1.cut.id_AF197339.1	2553.19	-	-	-	-	-	-	-	-	100	-
HIV1.cut.id_AF197340.1	32.91	0.0	-	4520.22	-	-	-	-	-	100	-
HIV1.cut.id_AF197341.1	624.64	0.0	264.78	2214.16	-	-	-	2067.51	-	100	-
HIV1.cut.id_AF224507.1	810.01	344.17	1831.81	5819.57	-	-	-	-	-	100	-
HIV1.cut.id_AF256205.1	406.92	-	-	-	-	-	-	-	-	100	-
HIV1.cut.id_AF256206.1	1954.08	-	-	1793.98	-	-	-	-	-	100	-
HIV1.cut.id_AF256207.1	-	-	-	4203.54	-	-	-	-	-	100	-
HIV1.cut.id_AF256211.1	2335.24	-	-	715.14	-	-	-	-	-	100	-
HIV1.cut.id_AF259954.1	2728.58	-	-	2715.36	-	-	-	-	-	100	-
HIV1.cut.id_AF259955.1	676.13	-	-	4790.85	-	-	-	2819.74	-	100	-
HIV1.cut.id_AF286223.1	0.0	185.48	113.77	5551.19	3616.2	-	-	0.0	-	100	-
HIV1.cut.id_AF286224.1	599.4	-	-	4254.65	-	-	-	-	-	100	-
HIV1.cut.id_AF286225.1	2585.82	374.09	-	3605.54	0.0	-	-	-	-	100	-
HIV1.cut.id_AF286226.1	1239.26	-	-	6496.82	-	-	-	-	-	100	-
HIV1.cut.id_AF286227.1	626.57	177.94	982.32	4366.62	1207.06	-	-	-	-	100	-
HIV1.cut.id_AF286228.1	15.64	1562.12	1220.3	2715.65	93.02	-	-	-	-	100	-
HIV1.cut.id_AF286229.1	3750.14	-	4283.05	3400.22	-	-	-	-	-	100	-
HIV1.cut.id_AF286230.1	3302.55	1071.16	-	7412.43	-	-	-	-	-	100	-
HIV1.cut.id_AF286231.1	300.17	0.0	-	8067.73	0.0	-	-	-	-	100	-
HIV1.cut.id_AF286232.1	0.0	1792.99	0.0	3449.13	548.59	-	-	-	-	100	-
HIV1.cut.id_AF286233.1	60.44	1151.86	847.46	2672.99	-	-	-	2345.42	-	100	-
HIV1.cut.id_AF286234.1	0.0	224.38	-	0.0	-	-	-	-	-	100	-
HIV1.cut.id_AF286235.1	321.79	721.21	1712.09	3661.67	0.0	-	-	-	-	100	-
HIV1.cut.id_AF286236.1	0.0	16.67	886.92	3007.99	0.0	-	-	0.0	-	100	-
HIV1.cut.id_AF286237.1	1081.68	762.93	1089.57	2796.23	14.07	-	-	328.28	-	100	-
HIV1.cut.id_AF286238.1	0.0	18.09	402.77	3252.87	52.11	-	-	67.7	-	100	-
HIV1.cut.id_AF286239.1	0.0	703.86	762.6	1706.06	0.0	-	-	0.0	-	100	0.0
HIV1.cut.id_AF286365.1	761.51	697.67	-	-	-	-	-	-	-	100	-
HIV1.cut.id_AF289548.1	0.0	201.65	1091.57	1916.65	138.55	-	-	616.92	-	100	-
HIV1.cut.id_AF289549.1	210.57	0.0	655.09	1653.28	0.0	-	-	0.0	-	100	-
HIV1.cut.id_AF289550.1	177.94	644.72	100.13	1712.96	195.57	-	-	0.0	-	100	-
HIV1.cut.id_AF290027.1	138.48	521.92	-	1744.0	816.7	-	-	132.63	-	100	-
HIV1.cut.id_AF290028.1	561.74	1039.12	259.29	7706.26	-	-	-	-	-	100	-
HIV1.cut.id_AF290029.1	748.77	-	900.56	1004.02	-	-	-	-	-	100	-
HIV1.cut.id_AF290030.1	3332.24	0.0	-	2890.79	-	-	-	1953.12	-	100	-
HIV1.cut.id_AF316544.1	0.0	0.0	1194.51	1329.32	0.0	-	-	280.03	-	100	-
HIV1.cut.id_AF321523.1	3932.15	-	591.72	6113.54	-	-	-	-	-	100	-
HIV1.cut.id_AF332867.1	731.17	3819.17	-	2855.29	-	-	-	-	-	100	-
HIV1.cut.id_AF361873.1	1702.41	83.95	1555.51	5266.9	719.94	-	-	-	-	100	-
HIV1.cut.id_AF377958.1	0.0	293.44	0.0	3364.13	0.0	-	-	0.0	-	100	-
HIV1.cut.id_AF385934.1	14.81	187.88	-	4616.74	0.0	-	-	1114.21	-	100	-
HIV1.cut.id_AF385935.1	1866.49	0.0	1284.58	4621.62	-	-	4705.88	-	-	100	-
HIV1.cut.id_AF385936.1	0.0	310.27	-	2634.35	-	-	-	0.0	-	100	-
HIV1.cut.id_AF407418.1	6554.71	0.0	1878.74	2586.8	18.47	-	-	-	-	100	-
HIV1.cut.id_AF407419.1	249.21	32.51	2510.78	528.92	0.0	-	3157.4	1257.86	-	100	-
HIV1.cut.id_AF408626.1	134.27	-	381.19	5504.98	-	-	-	-	-	100	-
HIV1.cut.id_AF408627.1	0.0	0.0	1711.65	1265.82	-	-	-	1799.69	-	100	-
HIV1.cut.id_AF408628.1	401.99	157.83	550.58	4990.76	-	-	-	-	-	100	-
HIV1.cut.id_AF408629.1	2345.33	176.12	0.0	1331.85	3741.5	-	-	-	-	100	-
HIV1.cut.id_AF408630.1	869.17	655.74	0.0	2440.94	0.0	-	-	-	-	100	-
HIV1.cut.id_AF408631.1	1032.91	1300.31	0.0	5324.61	-	-	-	-	-	100	0.0
HIV1.cut.id_AF408632.1	251.71	530.79	1664.98	3390.57	800.64	-	-	616.33	-	100	-
HIV1.cut.id_AF411964.1	0.0	0.0	656.76	2147.91	1278.77	-	-	0.0	-	100	-
HIV1.cut.id_AF411965.1	1059.99	76.28	-	2305.23	0.0	-	-	0.0	-	100	-
HIV1.cut.id_AF411966.1	11.8	712.78	761.52	5132.45	-	-	-	-	-	100	-
HIV1.cut.id_AF411967.1	856.02	0.0	610.22	4468.05	0.0	-	-	-	-	100	-
HIV1.cut.id_AF413987.1	2433.56	221.98	-	2966.84	-	-	-	0.0	-	100	-
HIV1.cut.id_AF414006.1	2724.73	-	-	-	-	-	-	-	-	100	-
HIV1.cut.id_AF423755.1	1114.1	584.8	-	6193.21	-	-	-	-	-	100	-
HIV1.cut.id_AF423756.1	1236.38	-	-	2917.63	-	-	-	-	-	100	-
HIV1.cut.id_AF423757.1	1746.91	-	-	4874.84	-	-	-	-	-	100	-
HIV1.cut.id_AF423758.1	2753.39	-	-	6097.05	-	-	-	-	-	100	-
HIV1.cut.id_AF423759.1	685.79	-	-	-	-	-	-	-	-	100	-
HIV1.cut.id_AF423760.1	499.58	625.49	-	3248.81	-	-	4301.08	-	-	100	-
HIV1.cut.id_AF443074.1	331.96	2800.63	1824.03	4645.69	79.55	-	-	-	-	100	-
HIV1.cut.id_AF443075.1	0.0	0.0	624.02	3541.16	1282.05	-	-	-	-	100	-
HIV1.cut.id_AF443076.1	1126.08	68.95	1641.41	3108.2	4076.09	-	-	0.0	-	100	-
HIV1.cut.id_AF443077.1	0.0	0.0	480.11	3991.19	-	-	-	-	-	100	-
HIV1.cut.id_AF443078.1	0.0	131.75	934.12	1859.19	0.0	-	-	-	-	100	-
HIV1.cut.id_AF443079.1	56.2	121.51	-	1828.44	0.0	-	-	-	-	100	-
HIV1.cut.id_AF443080.1	0.0	20.72	1751.65	1283.7	0.0	-	-	307.69	-	100	-
HIV1.cut.id_AF443081.1	66.04	0.0	0.0	3691.71	-	-	-	-	-	100	-
HIV1.cut.id_AF443082.1	0.0	971.37	0.0	4109.59	0.0	-	-	-	-	100	-
HIV1.cut.id_AF443083.1	1266.81	0.0	1913.54	3528.47	304.88	-	-	-	-	100	-
HIV1.cut.id_AF443084.1	733.99	575.37	-	3112.53	-	-	4651.16	-	-	100	-
HIV1.cut.id_AF443085.1	0.0	161.96	505.96	9540.39	545.95	-	-	-	-	100	-
HIV1.cut.id_AF443086.1	0.0	76.97	0.0	1502.18	-	-	-	-	-	100	-
HIV1.cut.id_AF443087.1	448.12	1460.79	2561.02	2744.24	-	-	-	-	-	100	-
HIV1.cut.id_AF443088.1	0.0	119.13	180.83	5242.33	482.09	-	-	-	-	100	-
HIV1.cut.id_AF443089.1	22.11	0.0	2193.34	2031.6	-	-	4883.23	0.0	-	100	-
HIV1.cut.id_AF443090.1	0.0	0.0	-	4220.78	0.0	-	-	-	-	100	-
HIV1.cut.id_AF443091.1	0.0	21.21	385.91	6688.19	0.0	-	-	0.0	-	100	-
HIV1.cut.id_AF443092.1	0.0	0.0	0.0	4486.22	-	-	-	549.45	-	100	-
HIV1.cut.id_AF443093.1	1066.51	255.83	638.47	2786.92	205.42	-	-	-	-	100	-
HIV1.cut.id_AF443094.1	0.0	49.54	2342.49	1644.48	641.85	-	-	-	-	100	-
HIV1.cut.id_AF443095.1	1673.17	0.0	-	5241.71	0.0	-	-	-	-	100	-
HIV1.cut.id_AF443096.1	494.18	125.25	1115.68	3626.85	0.0	-	-	-	-	100	-
HIV1.cut.id_AF443097.1	11.03	0.0	771.97	5095.13	0.0	-	-	-	-	100	-
HIV1.cut.id_AF443098.1	2090.09	0.0	1138.09	2205.13	-	-	-	-	-	100	-
HIV1.cut.id_AF443099.1	741.53	821.85	-	3767.94	-	-	-	-	-	100	-
HIV1.cut.id_AF443100.1	0.0	23.33	-	3593.68	264.32	-	-	0.0	-	100	-
HIV1.cut.id_AF443101.1	143.13	0.0	2087.29	5093.31	1310.86	-	-	4365.08	-	100	-
HIV1.cut.id_AF443102.1	958.47	1851.85	-	3262.96	-	-	-	-	-	100	-
HIV1.cut.id_AF443103.1	0.0	1085.08	-	3480.48	-	-	-	-	-	100	-
HIV1.cut.id_AF443104.1	433.89	0.0	1788.91	8995.72	-	-	-	-	-	100	-
HIV1.cut.id_AF443105.1	153.96	718.62	-	13420.73	52.63	-	-	-	-	100	-
HIV1.cut.id_AF443107.1	0.0	528.3	939.56	3756.94	0.0	-	-	-	-	100	-
HIV1.cut.id_AF443108.1	54.92	0.0	361.94	8001.99	0.0	-	-	4303.09	-	100	-
HIV1.cut.id_AF443109.1	176.97	120.77	-	2330.51	-	-	-	-	-	100	-
HIV1.cut.id_AF443110.1	0.0	3967.45	1017.29	5721.1	0.0	-	-	-	-	100	-
HIV1.cut.id_AF443111.1	3366.56	96.74	-	2308.92	600.51	-	-	-	-	100	-
HIV1.cut.id_AF443112.1	747.33	0.0	3958.69	1233.52	0.0	-	-	-	-	100	-
HIV1.cut.id_AF443113.1	110.06	0.0	807.3	2140.13	-	-	-	-	-	100	-
HIV1.cut.id_AF443114.1	0.0	0.0	1138.45	1759.16	268.91	-	-	-	-	100	-
HIV1.cut.id_AF443115.1	287.39	252.12	1220.56	1308.14	0.0	-	-	-	-	100	-
HIV1.cut.id_AF450096.1	652.74	-	-	-	-	-	-	-	-	100	-
HIV1.cut.id_AF450097.1	2322.47	-	-	-	-	-	-	-	-	100	0.0
HIV1.cut.id_AF450098.1	1670.22	1524.88	-	3853.6	-	-	-	-	-	100	-
HIV1.cut.id_AF457058.1	0.0	0.0	1195.85	4267.25	402.37	-	-	0.0	-	100	-
HIV1.cut.id_AF460972.1	0.0	0.0	775.19	8600.26	348.09	-	-	133.45	-	100	-
HIV1.cut.id_AF460974.1	0.0	164.78	972.27	3565.97	0.0	-	-	-	-	100	-
HIV1.cut.id_AF468970.1	850.12	-	-	1541.17	-	-	-	-	-	100	-
HIV1.cut.id_AF484480.1	1193.05	0.0	887.79	3715.91	629.59	-	-	0.0	-	100	-
HIV1.cut.id_AF484485.1	192.63	0.0	567.69	6401.54	274.09	-	-	3061.22	-	100	-
HIV1.cut.id_AF484511.1	102.41	0.0	650.41	3902.89	1127.97	-	-	1532.91	-	100	-
HIV1.cut.id_AF484515.1	187.31	0.0	938.23	3219.45	1237.52	-	-	0.0	-	100	-
HIV1.cut.id_AF490973.1	1982.61	1577.56	-	4961.83	-	-	-	-	-	100	-
HIV1.cut.id_AF490974.1	1521.5	3311.0	-	5197.45	-	-	-	-	-	100	-
HIV1.cut.id_AF492623.1	646.41	-	-	5193.13	-	-	-	-	-	100	0.0
HIV1.cut.id_AF492624.1	0.0	119.78	51.72	3240.12	0.0	-	-	-	-	100	0.0
HIV1.cut.id_AF503396.1	653.39	-	-	3243.24	-	-	-	-	-	100	-
HIV1.cut.id_AF516184.1	300.03	0.0	2360.14	4700.85	-	-	-	-	-	100	-
HIV1.cut.id_AF529572.1	381.25	2273.34	-	5014.53	-	-	-	-	-	100	0.0
HIV1.cut.id_AF529573.1	169.17	0.0	857.52	1428.26	0.0	-	-	4545.45	-	100	-
HIV1.cut.id_AF530576.1	503.98	1669.25	313.48	2035.12	-	-	-	0.0	-	100	-
HIV1.cut.id_AF538302.1	335.36	180.51	327.72	3200.67	-	-	-	-	-	100	-
HIV1.cut.id_AF538303.1	1690.91	0.0	-	4717.41	-	-	-	-	-	100	-
HIV1.cut.id_AJ006022.1	3003.4	25.89	1173.02	1150.94	0.0	-	946.37	864.75	-	100	-
HIV1.cut.id_AJ006287.1	2617.17	-	-	2750.81	-	-	-	-	-	100	-
HIV1.cut.id_AJ237565.1	0.0	162.73	451.81	2406.61	0.0	-	-	0.0	-	100	0.0
HIV1.cut.id_AJ239083.1	0.0	496.37	2518.89	547.79	408.44	-	-	1883.63	-	100	-
HIV1.cut.id_AJ245481.2	0.0	0.0	1530.08	2501.82	0.0	-	-	-	-	100	-
HIV1.cut.id_AJ251056.1	124.28	351.91	1142.97	2219.59	25.75	-	-	714.89	-	100	-
HIV1.cut.id_AJ251057.1	0.0	1105.63	591.02	3346.65	0.0	-	-	0.0	-	100	-
HIV1.cut.id_AJ271370.1	5019.35	69.2	-	2706.27	0.0	-	3333.33	2312.78	-	100	0.0
HIV1.cut.id_AJ271445.1	1545.97	455.93	-	2056.39	-	-	-	-	-	100	-
HIV1.cut.id_AJ276595.1	1229.6	599.16	0.0	3126.1	0.0	-	-	0.0	-	100	-
HIV1.cut.id_AJ276596.1	291.68	304.24	1050.15	2398.13	0.0	-	-	-	-	100	-
HIV1.cut.id_AJ288981.1	0.0	18.22	886.21	3671.54	41.81	-	-	0.0	-	100	-
HIV1.cut.id_AJ288982.1	3392.07	182.01	928.32	1321.49	141.28	-	-	1147.87	-	100	-
HIV1.cut.id_AJ291718.1	0.0	949.11	374.03	4837.27	605.25	-	-	0.0	-	100	-
HIV1.cut.id_AJ291719.1	0.0	0.0	281.09	4004.0	568.18	-	-	0.0	-	100	-
HIV1.cut.id_AJ291720.1	1095.65	133.36	1112.12	2107.87	521.51	-	-	863.77	-	100	-
HIV1.cut.id_AJ302646.1	2902.63	1671.99	2344.32	5239.54	0.0	-	4733.73	-	-	100	-
HIV1.cut.id_AJ302647.1	10333.59	46.66	1070.59	4854.07	0.0	-	0.0	-	-	100	-
HIV1.cut.id_AJ320484.1	0.0	0.0	1609.9	2242.93	522.5	-	-	-	-	100	0.0
HIV1.cut.id_AJ404325.1	0.0	2888.3	1628.57	1401.81	224.29	-	-	524.66	-	100	-
HIV1.cut.id_AJ508595.1	486.04	285.9	2113.61	10677.26	0.0	-	-	2536.43	-	100	-
HIV1.cut.id_AJ508596.1	0.0	0.0	365.94	2444.72	0.0	-	-	1340.35	-	100	-
HIV1.cut.id_AJ508597.1	1382.93	1553.97	201.71	4967.74	54.76	-	-	0.0	-	100	-
HIV1.cut.id_AJ866553.1	0.0	667.9	3394.56	332.7	319.36	-	-	0.0	-	100	-
HIV1.cut.id_AJ866554.1	0.0	127.5	637.07	3500.99	0.0	-	-	1458.14	-	100	-
HIV1.cut.id_AJ866555.1	470.0	586.21	1064.81	1535.74	0.0	-	-	0.0	-	100	-
HIV1.cut.id_AJ866556.1	0.0	16.51	1138.48	4387.29	447.06	-	-	1596.73	-	100	-
HIV1.cut.id_AJ866557.1	0.0	112.44	1617.32	3910.61	909.89	-	-	1458.67	-	100	-
HIV1.cut.id_AJ866558.1	0.0	186.86	383.41	2134.97	0.0	-	-	0.0	-	100	-
HIV1.cut.id_AM000053.1	0.0	0.0	2571.94	2136.41	563.67	-	-	630.75	-	100	-
HIV1.cut.id_AM000054.1	66.13	1132.21	1438.49	2725.88	656.46	-	-	309.3	-	100	-
HIV1.cut.id_AM000055.1	713.89	1007.03	1152.78	3628.12	41.82	-	-	0.0	-	100	0.0
HIV1.cut.id_AP005206.1	1942.43	1091.14	-	4040.4	-	-	-	2830.19	-	100	-
HIV1.cut.id_AP005207.1	1965.76	501.43	-	2590.22	1435.75	-	-	-	-	100	-
HIV1.cut.id_AY008714.1	1828.25	-	-	177.94	-	-	-	-	-	100	-
HIV1.cut.id_AY008715.1	2621.9	-	-	2790.28	-	-	-	-	-	100	-
HIV1.cut.id_AY008716.1	841.38	-	3157.89	3878.58	-	-	-	-	-	100	-
HIV1.cut.id_AY008717.1	1911.42	-	-	6435.64	-	-	-	-	-	100	-
HIV1.cut.id_AY008718.1	1925.62	3703.7	-	3643.48	-	-	-	-	-	100	-
HIV1.cut.id_AY037282.1	102.25	81.34	-	1185.3	1649.97	-	-	-	-	100	-
HIV1.cut.id_AY046058.1	0.0	344.98	1163.5	905.84	0.0	-	-	0.0	-	100	0.0
HIV1.cut.id_AY049708.1	-	41.14	-	1869.99	-	-	2914.8	-	-	100	-
HIV1.cut.id_AY049709.1	0.0	-	4897.96	1380.67	64.06	-	-	-	-	100	-
HIV1.cut.id_AY049710.1	77.37	587.97	4749.34	4644.81	-	-	2821.32	-	-	100	-
HIV1.cut.id_AY049711.1	1457.73	-	1661.47	3116.49	-	-	-	-	-	100	-
HIV1.cut.id_AY074891.1	0.0	0.0	959.56	1563.48	0.0	-	-	0.0	-	100	-
HIV1.cut.id_AY082968.1	6775.04	36.67	-	3254.13	-	-	-	-	-	100	-
HIV1.cut.id_AY093603.1	68.16	1369.06	970.18	4047.77	853.49	-	-	4935.71	-	100	-
HIV1.cut.id_AY093604.1	3657.29	0.0	275.99	2268.29	61.93	-	-	0.0	-	100	-
HIV1.cut.id_AY093605.1	1084.23	0.0	1342.28	2457.0	-	-	-	0.0	-	100	-
HIV1.cut.id_AY118165.1	0.0	0.0	-	5357.14	-	-	-	-	-	100	-
HIV1.cut.id_AY118166.1	0.0	0.0	96.71	6369.02	1491.95	-	-	297.03	-	100	-
HIV1.cut.id_AY125894.1	2664.54	0.0	3225.81	603.97	-	-	-	-	-	100	-
HIV1.cut.id_AY158533.1	0.0	2226.8	424.45	3212.54	-	-	-	-	-	100	-
HIV1.cut.id_AY158534.1	640.6	0.0	-	3245.58	-	-	-	-	-	100	-
HIV1.cut.id_AY158535.1	0.0	879.4	1252.24	3480.59	0.0	-	-	-	-	100	-
HIV1.cut.id_AY162223.1	0.0	535.17	-	2541.7	3396.23	-	-	-	-	100	-
HIV1.cut.id_AY162224.1	0.0	1299.06	739.69	1913.04	0.0	-	-	-	-	100	-
HIV1.cut.id_AY162225.1	2408.43	0.0	1610.17	2320.68	3333.33	-	-	-	-	100	-
HIV1.cut.id_AY167123.1	260.19	-	-	4057.17	-	-	-	-	-	100	-
HIV1.cut.id_AY169802.1	5528.51	2468.62	2022.41	1328.72	0.0	-	-	0.0	-	100	0.0
HIV1.cut.id_AY169803.1	4759.8	-	-	0.0	42.57	-	-	568.64	-	100	-
HIV1.cut.id_AY169804.1	3072.9	84.14	0.0	2665.72	481.87	-	2462.38	0.0	-	100	0.0
HIV1.cut.id_AY169805.1	5663.06	-	-	10273.2	-	-	2788.34	-	-	100	-
HIV1.cut.id_AY169806.1	185.63	1686.42	-	430.14	0.0	-	-	0.0	-	100	-
HIV1.cut.id_AY169807.1	21422.35	2110.2	0.0	2250.71	0.0	-	-	1537.28	-	100	-
HIV1.cut.id_AY169808.1	3663.72	2851.83	0.0	4705.39	0.0	-	-	-	-	100	-
HIV1.cut.id_AY169809.1	5935.43	2152.39	233.49	1230.01	44.01	-	-	3441.77	-	100	0.0
HIV1.cut.id_AY169810.1	5474.25	2370.2	325.88	3033.06	0.0	-	-	862.41	-	100	0.0
HIV1.cut.id_AY169811.1	1036.16	188.35	432.32	941.04	0.0	-	-	0.0	-	100	0.0
HIV1.cut.id_AY169812.1	678.21	238.76	951.78	2046.89	1780.77	-	-	0.0	-	100	0.0
HIV1.cut.id_AY169813.1	5818.14	1633.24	1417.99	1918.62	455.79	-	-	-	-	100	-
HIV1.cut.id_AY169814.1	9808.4	584.37	580.36	3075.44	2100.41	-	1781.17	1629.04	-	100	-
HIV1.cut.id_AY169815.1	5258.0	1607.5	-	3391.79	-	-	-	-	-	100	-
HIV1.cut.id_AY169816.1	2421.54	576.52	45.39	1001.07	0.0	-	-	-	-	100	0.0
HIV1.cut.id_AY173951.1	0.0	2350.54	382.41	4480.29	636.94	-	-	-	-	100	-
HIV1.cut.id_AY173952.1	591.23	0.0	1102.36	1359.62	-	-	-	-	-	100	-
HIV1.cut.id_AY173953.1	1261.52	0.0	-	3847.42	-	-	-	-	-	100	-
HIV1.cut.id_AY173954.1	0.0	1684.16	-	8354.22	-	-	-	-	-	100	0.0
HIV1.cut.id_AY173955.1	113.83	1929.12	0.0	3579.62	4283.36	-	-	-	-	100	0.0
HIV1.cut.id_AY173956.1	790.46	2071.35	-	4728.13	2224.2	-	-	-	-	100	-
HIV1.cut.id_AY173957.1	483.43	-	-	11404.34	-	-	-	3463.2	-	100	-
HIV1.cut.id_AY173958.1	5894.78	-	-	8087.23	-	-	-	-	-	100	-
HIV1.cut.id_AY180905.1	2286.59	169.06	1119.4	2186.18	-	-	-	-	-	100	-
HIV1.cut.id_AY227107.1	376.03	2756.7	1834.45	2277.62	649.83	-	-	0.0	-	100	-
HIV1.cut.id_AY228556.1	11.89	145.6	-	1336.68	-	-	-	-	-	100	-
HIV1.cut.id_AY228557.1	0.0	20.63	3333.33	4806.69	0.0	-	-	-	-	100	-
HIV1.cut.id_AY237165.1	1446.53	313.23	-	1641.14	579.04	-	-	1066.55	-	100	-
HIV1.cut.id_AY237166.1	0.0	0.0	1368.79	4080.39	262.63	-	-	1228.7	-	100	-
HIV1.cut.id_AY237167.1	5737.25	-	982.32	3643.98	169.11	-	-	4525.86	-	100	-
HIV1.cut.id_AY271690.1	0.0	0.0	124.28	5705.85	0.0	-	-	491.49	-	100	-
HIV1.cut.id_AY308760.1	24.71	0.0	545.17	2614.38	-	-	-	-	-	100	-
HIV1.cut.id_AY308761.1	23.45	-	152.67	1094.25	0.0	-	-	-	-	100	-
HIV1.cut.id_AY308762.1	1379.31	180.41	0.0	1049.48	540.05	-	-	-	-	100	-
HIV1.cut.id_AY314044.1	2846.0	-	59.52	-	687.93	-	-	1016.95	-	100	-
HIV1.cut.id_AY314045.1	-	-	-	-	-	-	-	-	-	100	-
HIV1.cut.id_AY314046.1	2147.31	-	-	3323.7	-	-	-	-	-	100	-
HIV1.cut.id_AY314047.1	824.42	-	-	1728.61	-	-	-	-	-	100	-
HIV1.cut.id_AY314048.1	2599.7	-	-	2299.56	-	-	-	-	-	100	-
HIV1.cut.id_AY314049.1	803.98	-	-	1419.11	-	-	2237.52	1559.45	-	100	-
HIV1.cut.id_AY314050.1	202.72	-	-	791.72	-	-	-	-	-	100	-
HIV1.cut.id_AY314051.1	-	0.0	-	-	-	-	-	-	-	100	-
HIV1.cut.id_AY314052.1	1722.18	-	-	6482.47	-	-	-	-	-	100	-
HIV1.cut.id_AY314053.1	568.4	-	-	-	-	-	-	-	-	100	-
HIV1.cut.id_AY314054.1	971.43	-	-	3896.1	1242.24	-	-	-	-	100	-
HIV1.cut.id_AY314055.1	1937.65	-	-	-	-	-	-	-	-	100	-
HIV1.cut.id_AY314056.1	1047.12	-	-	1952.86	-	-	-	-	-	100	-
HIV1.cut.id_AY314057.1	1271.75	-	-	-	-	-	-	-	-	100	-
HIV1.cut.id_AY314058.1	427.35	2054.79	-	-	-	-	-	-	-	100	-
HIV1.cut.id_AY314059.1	957.31	-	-	-	-	-	4234.53	-	-	100	-
HIV1.cut.id_AY314060.1	-	-	-	4366.81	-	-	-	-	-	100	-
HIV1.cut.id_AY314061.1	290.98	-	-	321.34	-	-	-	-	-	100	-
HIV1.cut.id_AY314062.1	261.27	4453.44	-	4347.83	-	-	-	-	-	100	-
HIV1.cut.id_AY314063.1	1342.46	-	-	557.41	-	-	-	-	-	100	-
HIV1.cut.id_AY322184.1	2864.86	47.1	530.42	8200.75	0.0	-	-	-	-	100	-
HIV1.cut.id_AY322185.1	0.0	3140.04	252.4	4511.89	0.0	-	-	0.0	-	100	-
HIV1.cut.id_AY322187.1	1000.0	1080.35	176.37	2680.49	87.87	-	-	-	-	100	-
HIV1.cut.id_AY322189.1	550.24	680.27	614.44	4407.63	0.0	-	-	845.73	-	100	-
HIV1.cut.id_AY322190.1	605.9	0.0	213.98	3530.94	-	-	-	4393.67	-	100	-
HIV1.cut.id_AY322191.1	249.35	978.61	199.47	4091.65	0.0	-	-	-	-	100	-
HIV1.cut.id_AY322193.1	740.31	0.0	3045.69	4662.86	0.0	-	-	3158.77	-	100	-
HIV1.cut.id_AY331282.1	4071.19	456.62	73.96	-	-	-	-	-	-	100	-
HIV1.cut.id_AY331283.1	2325.01	0.0	-	3809.52	-	-	-	-	-	100	-
HIV1.cut.id_AY331284.1	1326.41	0.0	455.14	-	0.0	-	-	-	-	100	-
HIV1.cut.id_AY331285.1	334.62	0.0	-	4137.28	-	-	-	-	-	100	-
HIV1.cut.id_AY331286.1	0.0	0.0	435.92	-	-	-	4151.4	-	-	100	-
HIV1.cut.id_AY331287.1	1374.11	0.0	-	4662.78	-	-	-	-	-	100	-
HIV1.cut.id_AY331288.1	273.75	0.0	-	1986.08	96.06	-	-	-	-	100	-
HIV1.cut.id_AY331289.1	0.0	-	1171.88	4210.53	-	-	-	-	-	100	-
HIV1.cut.id_AY331290.1	14.32	87.44	-	2948.21	133.56	-	-	-	-	100	-
HIV1.cut.id_AY331292.1	225.06	2560.0	-	1698.81	-	-	-	-	-	100	-
HIV1.cut.id_AY331293.1	0.0	-	-	3285.83	3182.5	-	-	-	-	100	-
HIV1.cut.id_AY331296.1	1011.12	41.1	356.0	1433.51	-	-	-	-	-	100	-
HIV1.cut.id_AY331297.1	34.44	2137.19	0.0	202.63	-	-	-	-	-	100	-
HIV1.cut.id_AY332236.1	160.0	1086.96	1764.23	2535.66	0.0	-	-	-	-	100	-
HIV1.cut.id_AY352654.1	540.06	0.0	1653.31	4269.85	48.47	-	-	32.18	-	100	-
HIV1.cut.id_AY352655.1	0.0	1422.27	480.0	3632.39	23.42	-	-	242.45	-	100	-
HIV1.cut.id_AY352656.1	934.48	38.9	7255.52	6355.81	733.89	-	-	0.0	-	100	-
HIV1.cut.id_AY352657.1	0.0	181.55	1785.71	2716.86	235.61	-	-	1510.07	-	100	0.0
HIV1.cut.id_AY423381.1	2017.59	-	-	16872.06	-	-	-	-	-	100	-
HIV1.cut.id_AY423382.1	1508.72	-	-	1804.19	-	-	-	-	-	100	-
HIV1.cut.id_AY423383.1	1348.55	-	-	-	-	-	-	-	-	100	-
HIV1.cut.id_AY423384.1	5052.53	-	-	-	434.78	-	-	-	-	100	-
HIV1.cut.id_AY423385.1	940.88	-	-	2092.61	-	-	-	-	-	100	-
HIV1.cut.id_AY423386.1	1103.7	998.0	4773.27	-	-	-	-	-	-	100	-
HIV1.cut.id_AY423387.1	1579.83	-	-	-	-	-	-	-	-	100	-
HIV1.cut.id_AY445524.1	109.94	496.61	116.14	5600.99	0.0	-	-	3543.31	-	100	-
HIV1.cut.id_AY455778.1	0.0	104.38	4830.92	5654.35	0.0	-	-	-	-	100	0.0
HIV1.cut.id_AY455779.1	1751.84	0.0	737.76	7577.3	-	-	-	2343.75	-	100	-
HIV1.cut.id_AY455780.1	280.18	568.9	-	3211.99	-	-	-	-	-	100	-
HIV1.cut.id_AY455781.1	744.58	3709.11	3571.43	4607.18	-	-	-	4419.19	-	100	-
HIV1.cut.id_AY455782.1	4698.96	0.0	674.16	3370.19	-	-	-	-	-	100	0.0
HIV1.cut.id_AY455783.1	3661.5	18.9	1391.16	5331.65	520.45	-	3979.24	327.73	-	100	-
HIV1.cut.id_AY455784.1	540.3	970.87	-	4790.94	0.0	-	-	-	-	100	-
HIV1.cut.id_AY455785.1	382.11	0.0	516.41	2497.0	0.0	-	-	-	-	100	-
HIV1.cut.id_AY463217.1	1631.57	555.08	-	4621.85	1657.46	-	-	-	-	100	-
HIV1.cut.id_AY463218.1	230.1	0.0	-	12068.97	-	-	-	-	-	100	-
HIV1.cut.id_AY463219.1	0.0	0.0	-	6430.78	0.0	-	-	538.12	-	100	-
HIV1.cut.id_AY463220.1	3909.94	1228.22	-	2182.54	0.0	-	-	-	-	100	-
HIV1.cut.id_AY463221.1	135.35	0.0	1583.43	4003.81	-	-	-	-	-	100	-
HIV1.cut.id_AY463222.1	1360.45	2835.66	0.0	3158.38	40.5	-	-	-	-	100	-
HIV1.cut.id_AY463223.1	329.06	0.0	2960.0	1821.37	112.61	-	-	-	-	100	-
HIV1.cut.id_AY463224.1	0.0	0.0	1323.92	4189.29	154.99	-	-	-	-	100	-
HIV1.cut.id_AY463225.1	0.0	449.73	560.05	3078.56	-	-	-	-	-	100	-
HIV1.cut.id_AY463226.1	1501.44	0.0	0.0	4179.36	0.0	-	-	-	-	100	-
HIV1.cut.id_AY463227.1	298.87	1645.86	-	4787.23	-	-	-	-	-	100	-
HIV1.cut.id_AY463228.1	863.58	1388.89	-	5762.41	-	-	-	0.0	-	100	-
HIV1.cut.id_AY463229.1	0.0	0.0	4697.99	2069.26	731.87	-	-	-	-	100	-
HIV1.cut.id_AY463230.1	0.0	36.3	-	3440.05	0.0	-	-	-	-	100	-
HIV1.cut.id_AY463231.1	0.0	0.0	543.87	2623.55	758.73	-	-	-	-	100	-
HIV1.cut.id_AY463232.1	0.0	23.87	-	3911.11	-	-	-	-	-	100	-
HIV1.cut.id_AY463233.1	0.0	296.23	0.0	3231.26	-	-	-	-	-	100	-
HIV1.cut.id_AY463234.1	666.58	-	-	10202.66	-	-	-	4130.81	-	100	-
HIV1.cut.id_AY463235.1	789.22	307.56	2300.67	6666.67	102.11	-	-	-	-	100	-
HIV1.cut.id_AY463236.1	66.06	166.67	1203.46	1307.19	-	-	-	-	-	100	-
HIV1.cut.id_AY463237.1	0.0	93.98	558.66	2734.22	28.49	-	-	-	-	100	-
HIV1.cut.id_AY500393.1	8423.94	-	4630.97	3144.32	-	-	-	-	-	100	-
HIV1.cut.id_AY531116.1	2541.72	0.0	626.96	2968.46	900.42	-	-	-	-	100	-
HIV1.cut.id_AY532635.1	0.0	979.57	1239.47	2160.34	0.0	-	-	4198.47	-	100	-
HIV1.cut.id_AY535659.1	2535.4	437.92	1187.18	2469.95	1311.95	-	-	2271.11	-	100	-
HIV1.cut.id_AY535660.1	1288.83	-	2498.27	7119.18	-	-	4638.22	-	-	100	-
HIV1.cut.id_AY536233.1	1394.0	-	666.17	3207.63	-	-	-	-	-	100	-
HIV1.cut.id_AY536234.1	3049.99	226.59	-	4007.76	-	-	-	-	-	100	0.0
HIV1.cut.id_AY536235.1	172.56	0.0	-	3856.75	-	-	-	-	-	100	-
HIV1.cut.id_AY536236.1	0.0	788.88	-	4547.83	-	-	-	0.0	-	100	-
HIV1.cut.id_AY536237.1	4926.62	2942.64	0.0	3592.81	-	-	-	-	-	100	-
HIV1.cut.id_AY536238.1	0.0	0.0	669.39	740.74	-	-	-	2610.97	-	100	-
HIV1.cut.id_AY560107.1	0.0	0.0	-	2461.03	-	-	-	-	-	100	-
HIV1.cut.id_AY560108.1	146.3	0.0	516.8	4076.09	2667.49	-	-	96.81	-	100	-
HIV1.cut.id_AY560109.1	269.91	257.85	586.7	3074.92	68.63	-	-	0.0	-	100	-
HIV1.cut.id_AY560110.1	5646.61	1696.54	0.0	3921.57	0.0	-	-	-	-	100	-
HIV1.cut.id_AY585264.1	0.0	1189.36	-	3653.65	592.82	-	-	-	-	100	-
HIV1.cut.id_AY585265.1	0.0	0.0	-	-	-	-	-	0.0	-	100	-
HIV1.cut.id_AY585266.1	408.39	1701.03	0.0	1201.51	0.0	-	-	-	-	100	-
HIV1.cut.id_AY585267.1	1347.74	0.0	1001.34	481.46	0.0	-	-	-	-	100	-
HIV1.cut.id_AY585268.1	1924.15	-	535.12	-	-	-	-	-	-	100	-
HIV1.cut.id_AY586540.1	167.71	494.35	316.46	1443.57	0.0	-	-	0.0	-	100	-
HIV1.cut.id_AY586541.1	715.1	1071.1	660.88	842.99	1098.28	-	-	-	-	100	-
HIV1.cut.id_AY586542.2	684.63	971.6	-	4853.44	-	-	-	-	-	100	0.0
HIV1.cut.id_AY586543.2	171.74	-	971.55	4311.04	-	-	-	-	-	100	-
HIV1.cut.id_AY586544.2	1245.73	1841.2	415.8	4932.56	-	-	-	-	-	100	-
HIV1.cut.id_AY586545.2	446.69	-	-	6943.47	-	-	-	-	-	100	-
HIV1.cut.id_AY586546.1	2999.33	2098.41	1358.86	1984.51	-	-	-	3493.45	-	100	-
HIV1.cut.id_AY586547.2	3341.39	196.8	-	3628.76	0.0	-	-	0.0	-	100	0.0
HIV1.cut.id_AY586548.2	142.01	252.21	0.0	4852.11	-	-	-	-	-	100	-
HIV1.cut.id_AY586549.2	854.7	1801.1	788.18	2892.46	2908.28	-	-	-	-	100	-
HIV1.cut.id_AY588970.1	0.0	216.14	2446.6	5372.62	255.89	-	-	0.0	-	100	-
HIV1.cut.id_AY588971.1	0.0	229.05	-	4028.54	0.0	-	-	0.0	-	100	-
HIV1.cut.id_AY612637.1	4139.5	0.0	862.87	2314.81	392.0	-	-	183.82	-	100	-
HIV1.cut.id_AY618998.1	10399.91	-	2099.24	584.23	41.08	-	-	-	-	100	-
HIV1.cut.id_AY623602.1	163.15	11.21	1768.87	2958.45	164.54	-	951.68	3052.33	-	100	-
HIV1.cut.id_AY682547.1	453.48	-	-	3243.24	-	-	-	-	-	100	-
HIV1.cut.id_AY703908.1	0.0	310.45	-	1676.32	0.0	-	-	-	-	100	-
HIV1.cut.id_AY703909.1	908.29	708.65	1558.3	3832.87	310.08	-	-	0.0	-	100	-
HIV1.cut.id_AY703910.1	620.98	55.52	-	2903.03	0.0	-	-	0.0	-	100	-
HIV1.cut.id_AY703911.1	1149.3	0.0	150.94	2667.81	0.0	-	-	-	-	100	-
HIV1.cut.id_AY751406.1	3675.48	-	3649.64	6936.42	-	-	-	-	-	100	-
HIV1.cut.id_AY751407.1	1495.54	179.48	1175.66	3433.84	-	-	-	-	-	100	-
HIV1.cut.id_AY771588.1	284.16	0.0	1385.04	1289.45	284.8	-	-	-	-	100	-
HIV1.cut.id_AY771589.1	789.47	309.44	0.0	3085.76	0.0	-	-	-	-	100	-
HIV1.cut.id_AY771590.1	0.0	19.38	2984.6	1810.32	2100.16	-	-	-	-	100	-
HIV1.cut.id_AY771591.1	0.0	499.82	63.78	2756.34	264.55	-	-	-	-	100	-
HIV1.cut.id_AY771592.1	0.0	0.0	1104.97	1998.68	183.82	-	-	-	-	100	-
HIV1.cut.id_AY771593.1	0.0	0.0	-	565.5	0.0	-	-	-	-	100	-
HIV1.cut.id_AY772535.1	4575.76	767.75	-	3283.44	-	-	-	-	-	100	-
HIV1.cut.id_AY772690.1	574.65	229.36	2459.02	2576.77	-	-	-	-	-	100	-
HIV1.cut.id_AY772691.1	121.41	522.58	2039.33	5110.46	0.0	-	-	-	-	100	-
HIV1.cut.id_AY772692.1	0.0	48.72	2089.43	4527.81	2565.75	-	-	0.0	-	100	-
HIV1.cut.id_AY772693.1	0.0	755.74	-	5034.46	-	-	-	-	-	100	-
HIV1.cut.id_AY772694.1	0.0	1585.05	-	4303.14	749.46	-	-	-	-	100	-
HIV1.cut.id_AY772695.1	0.0	1064.19	-	2986.86	1383.09	-	-	-	-	100	-
HIV1.cut.id_AY772696.1	450.51	759.01	234.85	1668.55	-	-	-	-	-	100	-
HIV1.cut.id_AY772698.1	1013.25	706.59	1680.0	3007.9	0.0	-	-	-	-	100	-
HIV1.cut.id_AY772699.1	355.12	526.32	1474.36	3111.03	190.75	-	-	-	-	100	-
HIV1.cut.id_AY772700.1	0.0	644.55	-	3875.15	0.0	-	-	0.0	-	100	-
HIV1.cut.id_AY773338.1	8919.54	1428.57	1354.28	3693.88	0.0	-	-	-	-	100	-
HIV1.cut.id_AY773339.1	2523.15	0.0	2781.04	2351.85	118.55	-	-	850.55	-	100	-
HIV1.cut.id_AY773340.1	0.0	254.08	2739.07	1505.66	100.4	-	-	800.0	-	100	-
HIV1.cut.id_AY773341.1	347.22	0.0	1729.36	4157.25	2123.1	-	-	796.66	-	100	-
HIV1.cut.id_AY779550.1	1791.22	-	-	-	-	-	-	-	-	100	-
HIV1.cut.id_AY779551.1	388.5	-	-	1458.67	-	-	-	-	-	100	-
HIV1.cut.id_AY779552.1	579.82	1948.67	-	5166.55	-	-	-	-	-	100	-
HIV1.cut.id_AY779553.1	2262.96	-	-	-	-	-	-	-	-	100	-
HIV1.cut.id_AY779554.1	1952.18	-	-	3092.78	-	-	-	-	-	100	-
HIV1.cut.id_AY779555.1	1679.51	1155.5	-	2224.28	-	-	-	-	-	100	-
HIV1.cut.id_AY779556.1	573.29	883.0	-	4039.3	-	-	-	-	-	100	-
HIV1.cut.id_AY779557.1	1090.58	-	-	-	-	-	-	716.56	-	100	-
HIV1.cut.id_AY779558.1	2353.35	-	-	4331.01	-	-	-	-	-	100	-
HIV1.cut.id_AY779559.1	450.06	-	-	3505.72	-	-	-	-	-	100	-
HIV1.cut.id_AY779560.1	1983.62	-	-	5443.79	-	-	-	-	-	100	-
HIV1.cut.id_AY779561.1	856.71	234.01	-	4358.97	-	-	-	4807.69	-	100	-
HIV1.cut.id_AY779562.1	1660.16	236.41	-	2656.55	-	-	-	432.53	-	100	-
HIV1.cut.id_AY779563.1	929.54	-	-	1410.93	-	-	-	-	-	100	-
HIV1.cut.id_AY779564.1	313.36	-	2253.03	4414.47	-	-	-	2766.8	-	100	-
HIV1.cut.id_AY781125.1	0.0	21.52	1979.51	3189.1	306.25	-	-	0.0	-	100	0.0
HIV1.cut.id_AY781126.1	4000.91	731.93	-	5514.42	0.0	-	-	-	-	100	0.0
HIV1.cut.id_AY781127.1	0.0	989.25	41.29	2705.43	1716.44	-	-	-	-	100	-
HIV1.cut.id_AY781128.1	920.35	1649.84	1783.66	3094.28	0.0	-	-	0.0	-	100	-
HIV1.cut.id_AY805330.1	1869.68	1197.84	483.81	1948.05	-	-	-	3630.86	-	100	-
HIV1.cut.id_AY818641.1	74.32	-	-	1511.63	-	-	-	-	-	100	-
HIV1.cut.id_AY818642.1	2199.55	2682.7	-	5324.36	-	-	-	-	-	100	-
HIV1.cut.id_AY818643.1	1519.27	0.0	2100.46	-	-	-	-	-	-	100	-
HIV1.cut.id_AY818644.1	1862.38	393.39	1242.24	766.58	-	-	-	-	-	100	-
HIV1.cut.id_AY819715.1	932.2	631.2	-	-	-	-	-	-	-	100	-
HIV1.cut.id_AY835748.1	623.1	287.98	-	3980.5	-	-	3409.09	-	-	100	-
HIV1.cut.id_AY835749.1	328.47	0.0	-	-	-	-	-	-	-	100	-
HIV1.cut.id_AY835750.1	2800.71	-	-	4395.6	-	-	-	-	-	100	-
HIV1.cut.id_AY835751.1	1612.01	196.56	-	729.93	4424.78	-	-	-	-	100	-
HIV1.cut.id_AY835753.1	0.0	981.33	2916.35	2589.89	0.0	-	-	0.0	-	100	-
HIV1.cut.id_AY835754.1	905.56	95.33	3838.77	5925.93	-	-	-	-	-	100	-
HIV1.cut.id_AY835755.1	1685.74	-	-	2944.64	-	-	-	-	-	100	-
HIV1.cut.id_AY835756.1	769.23	3818.62	-	2015.5	-	-	-	-	-	100	-
HIV1.cut.id_AY835757.1	1740.27	-	-	4465.33	2627.39	-	-	-	-	100	-
HIV1.cut.id_AY835758.1	825.28	0.0	198.02	4445.61	-	-	-	-	-	100	-
HIV1.cut.id_AY835759.1	1125.74	0.0	-	4444.44	-	-	-	-	-	100	-
HIV1.cut.id_AY835760.1	0.0	0.0	-	-	-	-	-	-	-	100	-
HIV1.cut.id_AY835761.1	1591.03	0.0	-	2064.52	282.69	-	-	-	-	100	3488.37
HIV1.cut.id_AY835762.1	2672.45	3168.8	-	2368.69	-	-	-	-	-	100	-
HIV1.cut.id_AY835763.1	1139.74	0.0	-	3933.38	-	-	4416.09	-	-	100	-
HIV1.cut.id_AY835764.1	607.19	62.23	643.92	6906.73	0.0	-	-	-	-	100	-
HIV1.cut.id_AY835765.1	0.0	0.0	-	3496.5	-	-	-	-	-	100	-
HIV1.cut.id_AY835766.1	0.0	126.98	-	2574.94	-	-	-	-	-	100	-
HIV1.cut.id_AY835767.1	977.01	0.0	-	4203.94	-	-	-	-	-	100	-
HIV1.cut.id_AY835769.1	134.44	146.09	-	4065.04	-	-	-	-	-	100	-
HIV1.cut.id_AY835770.1	2214.23	-	-	4158.19	-	-	-	-	-	100	-
HIV1.cut.id_AY835771.1	764.55	0.0	4020.1	3685.09	-	-	-	-	-	100	3799.39
HIV1.cut.id_AY835772.1	50.92	110.95	286.53	6220.38	-	-	-	-	-	100	-
HIV1.cut.id_AY835773.1	158.01	1682.13	-	-	-	-	-	-	-	100	-
HIV1.cut.id_AY835774.1	1698.96	-	-	6893.06	-	-	-	-	-	100	-
HIV1.cut.id_AY835775.1	401.34	0.0	-	4674.7	-	-	-	-	-	100	-
HIV1.cut.id_AY835776.1	1135.34	0.0	-	3095.24	-	-	-	-	-	100	-
HIV1.cut.id_AY835777.1	1808.54	-	-	3913.58	-	-	-	-	-	100	-
HIV1.cut.id_AY835778.1	581.94	408.44	-	1791.71	-	-	-	-	-	100	-
HIV1.cut.id_AY835779.1	3008.07	2152.08	-	3667.95	-	-	-	-	-	100	-
HIV1.cut.id_AY835780.1	989.85	166.67	-	2980.47	-	-	-	-	-	100	-
HIV1.cut.id_AY835781.1	0.0	803.96	-	3890.49	-	-	-	-	-	100	-
HIV1.cut.id_AY838565.1	2808.71	0.0	-	3800.0	1722.57	-	-	-	-	100	-
HIV1.cut.id_AY838566.1	2725.17	3764.97	733.27	2744.2	85.47	-	-	-	-	100	-
HIV1.cut.id_AY838567.1	-	0.0	304.18	3058.48	145.88	-	-	-	-	100	-
HIV1.cut.id_AY838568.1	-	-	0.0	3652.88	0.0	-	-	-	-	100	-
HIV1.cut.id_AY878054.1	0.0	320.95	604.46	2680.88	289.86	-	-	-	-	100	-
HIV1.cut.id_AY878055.1	23.53	572.44	366.64	1094.66	679.61	-	-	-	-	100	-
HIV1.cut.id_AY878056.1	0.0	0.0	1214.22	6095.41	-	-	-	-	-	100	-
HIV1.cut.id_AY878057.1	309.49	196.35	2089.01	5969.5	0.0	-	-	-	-	100	-
HIV1.cut.id_AY878058.1	245.4	1489.87	412.94	2590.46	324.85	-	-	-	-	100	-
HIV1.cut.id_AY878059.1	307.58	764.12	2353.37	3749.54	0.0	-	-	-	-	100	-
HIV1.cut.id_AY878060.1	165.84	0.0	1393.01	4088.73	-	-	-	-	-	100	-
HIV1.cut.id_AY878061.1	0.0	0.0	182.04	18075.58	-	-	-	-	-	100	-
HIV1.cut.id_AY878062.1	0.0	2060.19	693.76	11135.0	-	-	-	-	-	100	-
HIV1.cut.id_AY878063.1	359.5	727.83	761.83	1653.44	2010.97	-	-	-	-	100	-
HIV1.cut.id_AY878064.1	188.09	626.87	-	2005.73	277.49	-	-	-	-	100	-
HIV1.cut.id_AY878065.1	1910.05	0.0	290.34	11105.3	-	-	-	-	-	100	-
HIV1.cut.id_AY878066.1	261.69	223.76	-	2600.55	0.0	-	-	-	-	100	-
HIV1.cut.id_AY878067.1	1946.77	1200.27	2829.43	1971.95	-	-	-	-	-	100	-
HIV1.cut.id_AY878068.1	140.99	0.0	0.0	3012.77	-	-	-	4155.12	-	100	-
HIV1.cut.id_AY878070.1	0.0	0.0	377.95	1818.18	1368.61	-	-	1257.49	-	100	-
HIV1.cut.id_AY878071.1	0.0	1075.53	1098.38	2712.54	0.0	-	-	-	-	100	-
HIV1.cut.id_AY878072.1	0.0	947.5	0.0	3428.09	0.0	-	-	-	-	100	-
HIV1.cut.id_AY882421.1	5296.84	1436.27	-	3355.19	-	-	-	-	-	100	-
HIV1.cut.id_AY900571.2	278.89	1634.24	-	2217.64	-	-	-	2362.2	-	100	0.0
HIV1.cut.id_AY900572.2	1390.19	2071.23	796.46	1632.41	0.0	-	-	-	-	100	-
HIV1.cut.id_AY900574.2	1302.66	298.58	368.19	4017.59	-	-	-	-	-	100	-
HIV1.cut.id_AY900575.2	367.2	1113.62	2624.18	8329.64	920.45	-	-	0.0	-	100	-
HIV1.cut.id_AY900576.2	0.0	0.0	3204.71	477.45	64.83	-	4294.48	1967.21	-	100	-
HIV1.cut.id_AY901965.1	4032.35	1198.0	489.24	2747.99	494.74	-	-	-	-	100	-
HIV1.cut.id_AY901966.1	5009.44	151.69	-	2255.64	-	-	-	-	-	100	-
HIV1.cut.id_AY901967.1	0.0	499.54	2596.54	2791.88	0.0	-	-	-	-	100	-
HIV1.cut.id_AY901968.1	1802.1	421.94	1461.74	2826.36	63.69	-	-	0.0	-	100	-
HIV1.cut.id_AY901969.1	0.0	0.0	259.74	2195.69	1289.68	-	-	-	-	100	-
HIV1.cut.id_AY901970.1	0.0	263.77	327.65	2461.98	189.66	-	-	-	-	100	-
HIV1.cut.id_AY901971.1	208.31	241.94	-	2557.27	-	-	-	-	-	100	-
HIV1.cut.id_AY901972.1	1215.2	668.76	284.29	2704.85	-	-	-	-	-	100	-
HIV1.cut.id_AY901973.1	796.81	748.13	-	3556.1	825.76	-	-	-	-	100	-
HIV1.cut.id_AY901974.1	0.0	27.56	593.72	5493.79	0.0	-	-	-	-	100	-
HIV1.cut.id_AY901975.1	0.0	374.34	172.61	4942.2	-	-	-	-	-	100	-
HIV1.cut.id_AY901976.1	0.0	0.0	945.18	3728.0	0.0	-	-	-	-	100	-
HIV1.cut.id_AY901977.1	0.0	0.0	-	2078.09	617.73	-	-	-	-	100	-
HIV1.cut.id_AY901978.1	0.0	707.55	859.6	1156.91	0.0	-	-	-	-	100	-
HIV1.cut.id_AY901979.1	0.0	0.0	1363.99	3076.32	-	-	-	2057.93	-	100	-
HIV1.cut.id_AY901980.1	0.0	0.0	813.01	5289.87	-	-	-	3157.89	-	100	-
HIV1.cut.id_AY901981.1	89.16	0.0	377.6	2807.88	138.6	-	-	-	-	100	-
HIV1.cut.id_AY945709.1	0.0	122.25	567.15	3669.99	0.0	-	-	700.41	-	100	-
HIV1.cut.id_AY968312.1	3603.4	151.92	0.0	-	595.24	-	-	0.0	-	100	-
HIV1.cut.id_AY970946.1	1480.9	1141.35	-	4619.39	-	-	-	-	-	100	-
HIV1.cut.id_AY970947.1	408.44	-	-	2401.04	-	-	-	7146.81	-	100	-
HIV1.cut.id_AY970948.1	1061.36	491.57	1191.49	1925.82	-	-	-	1414.43	-	100	-
HIV1.cut.id_AY970949.1	1954.06	366.3	0.0	1789.19	-	-	-	-	-	100	-
HIV1.cut.id_AY970950.1	5214.25	-	-	2068.13	-	-	-	-	-	100	-
HIV1.cut.id_D10112.1	910.7	0.0	-	4044.36	0.0	-	-	4635.76	-	100	-
HIV1.cut.id_D86068.1	2334.63	-	-	-	-	-	3586.63	-	-	100	-
HIV1.cut.id_D86069.1	1066.82	-	-	-	-	-	-	-	-	100	-
HIV1.cut.id_DD409979.1	0.0	-	3571.43	5416.78	0.0	-	-	-	-	100	-
HIV1.cut.id_DQ007901.1	544.61	0.0	-	3313.07	-	-	-	-	-	100	-
HIV1.cut.id_DQ007902.1	16.62	-	0.0	3442.53	-	-	-	-	-	100	-
HIV1.cut.id_DQ007903.1	1407.43	59.84	185.01	4638.75	-	-	-	-	-	100	-
HIV1.cut.id_DQ011165.1	407.09	288.01	1927.19	2403.62	0.0	-	-	0.0	-	100	-
HIV1.cut.id_DQ011166.1	0.0	0.0	867.27	3530.39	1516.59	-	-	-	-	100	-
HIV1.cut.id_DQ011167.1	0.0	0.0	1282.99	4472.63	0.0	-	-	0.0	-	100	-
HIV1.cut.id_DQ011168.1	0.0	1714.95	1268.29	1129.03	574.71	-	-	-	-	100	-
HIV1.cut.id_DQ011169.1	2149.35	469.12	0.0	1672.24	-	-	-	-	-	100	-
HIV1.cut.id_DQ011170.1	0.0	1485.02	-	3407.7	0.0	-	-	-	-	100	-
HIV1.cut.id_DQ011171.1	1991.23	341.3	2510.46	2522.66	-	-	-	-	-	100	-
HIV1.cut.id_DQ011172.1	2041.94	0.0	-	96.85	2221.21	-	-	-	-	100	-
HIV1.cut.id_DQ011173.1	250.52	0.0	248.76	409.68	-	-	-	685.52	-	100	-
HIV1.cut.id_DQ011174.1	0.0	0.0	2355.07	5537.33	757.58	-	-	-	-	100	-
HIV1.cut.id_DQ011175.1	1220.18	20.89	1221.54	3209.08	1118.28	-	-	-	-	100	-
HIV1.cut.id_DQ011176.1	142.75	1245.25	139.35	3690.64	0.0	-	-	3995.56	-	100	-
HIV1.cut.id_DQ011177.1	0.0	0.0	1228.5	2266.15	273.97	-	-	-	-	100	-
HIV1.cut.id_DQ011178.1	0.0	0.0	-	1664.11	0.0	-	-	-	-	100	-
HIV1.cut.id_DQ011179.1	11.1	0.0	1317.03	4255.81	139.99	-	-	-	-	100	-
HIV1.cut.id_DQ011180.1	0.0	0.0	296.3	2812.89	0.0	-	-	-	-	100	-
HIV1.cut.id_DQ017382.1	853.68	35.54	604.49	2331.8	-	-	-	3013.14	-	100	-
HIV1.cut.id_DQ017383.1	7825.77	2452.32	714.29	4440.75	1783.26	-	-	2814.94	-	100	633.41
HIV1.cut.id_DQ020274.2	1745.27	219.64	439.32	2499.04	-	-	-	398.14	-	100	-
HIV1.cut.id_DQ054367.2	0.0	91.91	3728.56	4222.57	316.31	-	-	0.0	-	100	0.0
HIV1.cut.id_DQ056404.1	629.0	20.05	-	3083.95	0.0	-	-	-	-	100	-
HIV1.cut.id_DQ056405.1	164.62	0.0	4479.77	709.94	0.0	-	-	729.48	-	100	-
HIV1.cut.id_DQ056406.1	809.44	1923.08	-	1153.85	-	-	-	-	-	100	-
HIV1.cut.id_DQ056407.1	1825.42	1181.29	0.0	2538.51	0.0	-	-	-	-	100	-
HIV1.cut.id_DQ056408.1	1230.8	0.0	-	2675.59	-	-	-	-	-	100	-
HIV1.cut.id_DQ056409.1	0.0	0.0	1733.1	3866.67	-	-	-	-	-	100	-
HIV1.cut.id_DQ056410.1	541.26	0.0	1417.18	3663.96	0.0	-	-	-	-	100	-
HIV1.cut.id_DQ056411.1	453.84	0.0	1818.18	4331.55	1007.11	-	-	-	-	100	-
HIV1.cut.id_DQ056412.1	0.0	288.01	-	254.99	3809.52	-	-	-	-	100	-
HIV1.cut.id_DQ056413.1	0.0	0.0	0.0	3532.88	1220.61	-	-	-	-	100	-
HIV1.cut.id_DQ056414.1	986.08	0.0	-	5458.61	-	-	-	-	-	100	-
HIV1.cut.id_DQ056415.1	2255.72	274.47	724.99	3927.25	-	-	-	2105.26	-	100	-
HIV1.cut.id_DQ056416.1	0.0	0.0	2885.82	2570.23	613.5	-	-	-	-	100	-
HIV1.cut.id_DQ056417.1	104.11	54.01	630.91	4030.04	0.0	-	-	-	-	100	-
HIV1.cut.id_DQ056418.1	0.0	376.98	1577.06	3598.25	966.49	-	-	0.0	-	100	-
HIV1.cut.id_DQ083238.1	209.57	182.77	982.58	2027.34	0.0	-	-	0.0	-	100	-
HIV1.cut.id_DQ085867.1	1370.17	656.22	161.12	3455.08	-	-	-	-	-	100	-
HIV1.cut.id_DQ085869.1	1128.78	712.11	-	1603.08	-	-	-	-	-	100	-
HIV1.cut.id_DQ085870.1	1081.02	171.9	-	2403.2	-	-	-	-	-	100	-
HIV1.cut.id_DQ085871.1	0.0	204.81	1009.62	3185.35	0.0	-	-	0.0	-	100	-
HIV1.cut.id_DQ085872.1	235.9	0.0	774.19	2693.92	0.0	-	-	-	-	100	-
HIV1.cut.id_DQ085873.1	0.0	0.0	0.0	5909.19	2830.19	-	-	-	-	100	-
HIV1.cut.id_DQ085874.1	315.79	0.0	-	5009.28	414.08	-	-	-	-	100	-
HIV1.cut.id_DQ085875.1	1923.99	2586.48	-	4357.56	0.0	-	-	-	-	100	-
HIV1.cut.id_DQ085876.1	0.0	0.0	0.0	3716.61	615.01	-	-	-	-	100	-
HIV1.cut.id_DQ093585.1	885.36	0.0	2117.42	4417.33	657.03	-	-	-	-	100	-
HIV1.cut.id_DQ093586.1	0.0	0.0	-	3138.7	0.0	-	-	-	-	100	-
HIV1.cut.id_DQ093587.1	536.34	355.15	0.0	3569.07	-	-	-	-	-	100	-
HIV1.cut.id_DQ093588.1	0.0	146.63	-	6472.58	-	-	-	-	-	100	-
HIV1.cut.id_DQ093589.1	0.0	269.91	1714.46	3945.8	1105.99	-	-	-	-	100	-
HIV1.cut.id_DQ093590.1	86.69	93.98	-	4377.43	-	-	-	-	-	100	-
HIV1.cut.id_DQ093591.1	0.0	2595.77	730.52	2511.21	0.0	-	-	916.67	-	100	-
HIV1.cut.id_DQ093592.1	323.34	0.0	-	3339.46	0.0	-	-	211.19	-	100	-
HIV1.cut.id_DQ093593.1	436.78	30.55	2434.08	3557.65	0.0	-	-	-	-	100	-
HIV1.cut.id_DQ093594.1	633.8	0.0	-	2951.02	246.61	-	-	-	-	100	-
HIV1.cut.id_DQ093595.1	289.86	291.33	728.6	5259.45	1471.4	-	-	-	-	100	-
HIV1.cut.id_DQ093596.1	358.88	-	459.51	2211.03	-	-	-	-	-	100	-
HIV1.cut.id_DQ093597.1	1043.04	48.4	0.0	2661.38	453.81	-	-	-	-	100	-
HIV1.cut.id_DQ093598.1	1101.32	90.66	898.59	4961.29	1073.17	-	-	-	-	100	-
HIV1.cut.id_DQ093599.1	0.0	0.0	2308.17	4433.62	-	-	-	-	-	100	-
HIV1.cut.id_DQ093600.1	11.03	186.62	0.0	2363.9	-	-	-	-	-	100	-
HIV1.cut.id_DQ093601.1	0.0	0.0	-	2511.88	0.0	-	-	-	-	100	-
HIV1.cut.id_DQ093602.1	0.0	515.56	366.97	3201.25	0.0	-	-	-	-	100	-
HIV1.cut.id_DQ093603.1	0.0	0.0	1376.6	2637.08	910.96	-	-	0.0	-	100	-
HIV1.cut.id_DQ093604.1	0.0	0.0	90.42	5711.4	-	-	-	-	-	100	-
HIV1.cut.id_DQ093605.1	0.0	0.0	-	853.58	0.0	-	-	-	-	100	-
HIV1.cut.id_DQ093606.1	243.47	343.56	630.39	3229.5	0.0	-	-	0.0	-	100	-
HIV1.cut.id_DQ093607.1	0.0	0.0	45.5	1480.14	1155.56	-	-	-	-	100	-
HIV1.cut.id_DQ164104.1	232.1	702.63	91.49	5495.92	851.06	-	-	-	-	100	-
HIV1.cut.id_DQ164105.1	11.84	215.98	-	2408.07	-	-	-	-	-	100	-
HIV1.cut.id_DQ164106.1	604.93	0.0	1134.38	3112.2	-	-	-	1008.4	-	100	-
HIV1.cut.id_DQ164107.1	0.0	921.99	449.01	5289.26	1416.26	-	-	3992.02	-	100	-
HIV1.cut.id_DQ164108.1	0.0	778.97	483.87	3040.4	165.15	-	-	0.0	-	100	-
HIV1.cut.id_DQ164109.1	309.46	0.0	-	2981.47	369.0	-	-	-	-	100	-
HIV1.cut.id_DQ164110.1	2415.97	753.7	659.2	-	458.3	-	-	-	-	100	-
HIV1.cut.id_DQ164111.1	3263.28	687.66	-	5367.87	0.0	-	-	-	-	100	-
HIV1.cut.id_DQ164112.1	93.94	0.0	-	4067.32	-	-	-	-	-	100	-
HIV1.cut.id_DQ164113.1	1682.72	0.0	4908.84	4457.42	0.0	-	-	-	-	100	-
HIV1.cut.id_DQ164114.1	843.88	0.0	1076.92	2587.69	727.57	-	-	-	-	100	-
HIV1.cut.id_DQ164115.1	1856.94	295.45	-	7926.83	354.97	-	-	-	-	100	-
HIV1.cut.id_DQ164116.1	12.26	0.0	616.99	2414.93	-	-	-	-	-	100	-
HIV1.cut.id_DQ164117.1	66.23	73.11	4512.78	2823.13	0.0	-	-	0.0	-	100	-
HIV1.cut.id_DQ164118.1	0.0	1842.58	316.06	4362.56	-	-	-	-	-	100	-
HIV1.cut.id_DQ164119.1	132.33	1436.69	91.49	2803.74	-	-	-	-	-	100	-
HIV1.cut.id_DQ164120.1	1396.97	425.53	-	3954.8	0.0	-	-	-	-	100	-
HIV1.cut.id_DQ164121.1	929.92	0.0	-	14308.98	0.0	-	-	-	-	100	-
HIV1.cut.id_DQ164122.1	3049.65	0.0	1119.4	1277.96	678.95	-	-	-	-	100	-
HIV1.cut.id_DQ164123.1	0.0	1025.32	892.86	3459.58	0.0	-	-	145.1	-	100	-
HIV1.cut.id_DQ164124.1	0.0	0.0	890.44	373.53	126.72	-	-	0.0	-	100	-
HIV1.cut.id_DQ164125.1	0.0	0.0	1470.33	17416.38	166.26	-	-	0.0	-	100	-
HIV1.cut.id_DQ164126.1	0.0	0.0	1258.85	4296.34	0.0	-	-	0.0	-	100	-
HIV1.cut.id_DQ164127.1	23.61	247.93	-	4929.1	1183.13	-	-	-	-	100	-
HIV1.cut.id_DQ164128.1	320.34	0.0	1252.02	1270.12	101.66	-	-	0.0	-	100	0.0
HIV1.cut.id_DQ164129.1	0.0	635.12	-	9182.1	-	-	-	-	-	100	-
HIV1.cut.id_DQ207942.1	0.0	0.0	806.2	3081.23	0.0	-	-	0.0	-	100	-
HIV1.cut.id_DQ207943.1	176.35	1393.73	124.69	1786.9	-	-	-	-	-	100	-
HIV1.cut.id_DQ230841.1	2176.62	185.36	-	3410.94	-	-	-	-	-	100	-
HIV1.cut.id_DQ234790.1	55.21	0.0	627.8	2140.22	0.0	-	-	-	-	100	-
HIV1.cut.id_DQ295192.1	974.06	581.09	300.43	3333.33	-	-	-	-	-	100	-
HIV1.cut.id_DQ295193.1	0.0	-	86.88	4137.66	-	-	-	-	-	100	-
HIV1.cut.id_DQ295194.1	2748.76	858.26	0.0	5057.4	0.0	-	-	-	-	100	-
HIV1.cut.id_DQ295195.2	2050.69	361.45	1752.99	3779.45	-	-	-	-	-	100	-
HIV1.cut.id_DQ295196.3	0.0	446.32	0.0	6356.71	637.76	-	-	-	-	100	-
HIV1.cut.id_DQ314731.1	1137.71	-	-	3217.43	-	-	-	-	-	100	-
HIV1.cut.id_DQ314732.1	5370.23	323.1	-	983.61	-	-	-	-	-	100	-
HIV1.cut.id_DQ322239.1	1917.61	0.0	0.0	2503.1	160.13	-	-	-	-	100	0.0
HIV1.cut.id_DQ351216.1	73.81	0.0	59.56	2497.92	212.62	-	-	-	-	100	-
HIV1.cut.id_DQ351217.1	357.06	880.47	1161.48	-	115.81	-	-	-	-	100	-
HIV1.cut.id_DQ351218.1	0.0	179.03	463.32	3276.17	0.0	-	-	-	-	100	-
HIV1.cut.id_DQ351219.1	2138.92	1520.23	669.46	4014.06	0.0	-	-	-	-	100	-
HIV1.cut.id_DQ351220.1	518.65	1544.4	-	3126.97	0.0	-	-	-	-	100	-
HIV1.cut.id_DQ351221.1	276.37	0.0	1541.85	1939.83	2064.9	-	-	-	-	100	-
HIV1.cut.id_DQ351222.1	524.14	0.0	-	5108.11	-	-	-	0.0	-	100	-
HIV1.cut.id_DQ351223.1	332.93	0.0	-	716.85	534.1	-	-	0.0	-	100	-
HIV1.cut.id_DQ351224.1	0.0	0.0	2932.44	3798.88	84.35	-	-	-	-	100	-
HIV1.cut.id_DQ351225.1	0.0	0.0	0.0	3697.44	3083.19	-	-	-	-	100	-
HIV1.cut.id_DQ351226.1	398.84	426.09	232.02	7000.0	841.22	-	-	-	-	100	-
HIV1.cut.id_DQ351227.1	0.0	0.0	-	1957.83	-	-	-	-	-	100	-
HIV1.cut.id_DQ351228.1	0.0	0.0	2106.65	2181.3	1920.84	-	-	-	-	100	-
HIV1.cut.id_DQ351229.1	11.71	922.11	-	3249.02	-	-	-	-	-	100	-
HIV1.cut.id_DQ351230.1	0.0	533.33	884.35	2947.62	-	-	-	424.63	-	100	-
HIV1.cut.id_DQ351231.1	265.02	0.0	997.51	1671.31	2155.74	-	-	-	-	100	-
HIV1.cut.id_DQ351232.1	0.0	0.0	-	707.55	0.0	-	-	1610.02	-	100	-
HIV1.cut.id_DQ351233.1	0.0	2011.13	2334.85	2482.57	262.58	-	-	-	-	100	-
HIV1.cut.id_DQ351234.1	1520.4	0.0	-	1541.35	0.0	-	-	-	-	100	-
HIV1.cut.id_DQ351235.1	0.0	949.24	47.51	3562.1	0.0	-	-	864.78	-	100	-
HIV1.cut.id_DQ351236.1	1320.45	153.14	920.05	4977.17	86.73	-	-	1618.12	-	100	-
HIV1.cut.id_DQ351237.1	55.3	0.0	1401.4	2718.57	-	-	-	-	-	100	-
HIV1.cut.id_DQ351238.1	0.0	0.0	2114.8	7162.3	0.0	-	-	1666.14	-	100	-
HIV1.cut.id_DQ354116.1	1371.14	154.56	-	9156.79	0.0	-	-	-	-	100	-
HIV1.cut.id_DQ354118.1	43.15	130.45	94.16	2851.77	2107.11	-	-	-	-	100	-
HIV1.cut.id_DQ354123.1	0.0	59.52	743.8	2028.08	0.0	-	-	-	-	100	-
HIV1.cut.id_DQ358799.1	0.0	1659.85	1000.43	3894.87	420.39	-	-	-	-	100	-
HIV1.cut.id_DQ358800.1	22.34	2911.12	254.67	1479.29	-	-	-	-	-	100	-
HIV1.cut.id_DQ358801.1	0.0	0.0	625.71	3090.83	247.52	-	-	2497.69	-	100	-
HIV1.cut.id_DQ358802.1	1393.84	136.5	231.66	3646.0	-	-	-	216.8	-	100	-
HIV1.cut.id_DQ358803.1	0.0	289.41	1327.01	3825.14	2315.48	-	-	-	-	100	-
HIV1.cut.id_DQ358804.1	205.43	0.0	957.35	1469.1	776.63	-	4843.3	0.0	-	100	-
HIV1.cut.id_DQ358805.1	0.0	0.0	1597.44	2740.8	-	-	-	-	-	100	-
HIV1.cut.id_DQ358806.1	0.0	0.0	759.36	1618.61	-	-	-	0.0	-	100	-
HIV1.cut.id_DQ358807.1	254.17	1573.23	964.85	2482.27	0.0	-	-	-	-	100	-
HIV1.cut.id_DQ358808.1	1038.41	1502.92	70.92	3204.52	-	-	-	-	-	100	-
HIV1.cut.id_DQ358809.1	805.27	0.0	-	3070.98	81.3	-	-	-	-	100	-
HIV1.cut.id_DQ358810.1	0.0	0.0	925.05	1231.19	-	-	-	-	-	100	-
HIV1.cut.id_DQ358811.1	0.0	415.97	-	4286.49	-	-	3703.7	-	-	100	-
HIV1.cut.id_DQ358812.1	396.0	0.0	1439.37	2573.96	0.0	-	-	905.39	-	100	-
HIV1.cut.id_DQ366659.1	1376.5	337.63	-	4408.95	-	-	-	-	-	100	-
HIV1.cut.id_DQ366660.1	4612.67	1404.49	-	3520.08	-	-	-	-	-	100	-
HIV1.cut.id_DQ366661.1	886.99	92.65	-	2672.29	-	-	-	-	-	100	-
HIV1.cut.id_DQ366662.1	129.62	-	167.79	4336.33	0.0	-	-	0.0	-	100	-
HIV1.cut.id_DQ366663.1	1590.17	1165.98	-	842.7	-	-	-	-	-	100	-
HIV1.cut.id_DQ366664.1	2014.65	-	-	3970.42	-	-	-	-	-	100	-
HIV1.cut.id_DQ366665.1	610.35	1612.22	-	203.67	-	-	-	-	-	100	-
HIV1.cut.id_DQ366666.1	768.31	0.0	-	5301.02	99.7	-	-	-	-	100	-
HIV1.cut.id_DQ369976.1	441.16	61.05	3726.71	2128.97	0.0	-	-	-	-	100	-
HIV1.cut.id_DQ369977.1	99.19	324.52	-	1757.81	-	-	-	-	-	100	-
HIV1.cut.id_DQ369978.1	293.91	1971.7	-	3020.05	308.48	-	-	0.0	-	100	-
HIV1.cut.id_DQ369979.1	0.0	-	1550.39	5033.56	1614.35	-	-	-	-	100	-
HIV1.cut.id_DQ369980.1	1147.02	236.97	462.17	3098.19	1275.65	-	-	-	-	100	-
HIV1.cut.id_DQ369981.1	0.0	0.0	-	2613.64	-	-	-	-	-	100	-
HIV1.cut.id_DQ369982.1	0.0	494.16	-	3172.7	313.9	-	-	0.0	-	100	-
HIV1.cut.id_DQ369983.1	0.0	0.0	-	3290.11	-	-	-	-	-	100	-
HIV1.cut.id_DQ369984.1	0.0	0.0	82.44	4648.76	1081.08	-	-	-	-	100	-
HIV1.cut.id_DQ369985.1	0.0	0.0	188.86	4434.66	1768.26	-	-	-	-	100	-
HIV1.cut.id_DQ369986.1	386.57	0.0	476.6	3125.57	-	-	-	-	-	100	-
HIV1.cut.id_DQ369987.1	0.0	55.01	678.95	4828.29	-	-	-	-	-	100	-
HIV1.cut.id_DQ369988.1	2121.08	94.83	1309.16	3624.43	2095.81	-	-	-	-	100	-
HIV1.cut.id_DQ369989.1	385.38	107.56	-	3295.62	1119.66	-	-	-	-	100	-
HIV1.cut.id_DQ369990.1	25.06	664.53	-	2520.52	0.0	-	-	-	-	100	-
HIV1.cut.id_DQ369991.1	0.0	23.74	441.83	5453.41	-	-	-	-	-	100	-
HIV1.cut.id_DQ369992.1	499.67	0.0	-	4430.98	616.44	-	-	-	-	100	-
HIV1.cut.id_DQ369993.1	0.0	0.0	925.93	7165.18	-	-	-	-	-	100	-
HIV1.cut.id_DQ369994.1	0.0	161.86	1322.94	3994.79	0.0	-	-	-	-	100	-
HIV1.cut.id_DQ369995.1	321.22	705.25	-	19547.02	-	-	-	0.0	-	100	-
HIV1.cut.id_DQ369996.1	154.08	1239.49	683.06	5091.41	248.76	-	-	-	-	100	-
HIV1.cut.id_DQ369997.1	359.42	0.0	405.44	3176.93	-	-	-	2595.94	-	100	-
HIV1.cut.id_DQ369998.1	136.04	2036.58	611.15	2148.27	0.0	-	-	46.25	-	100	-
HIV1.cut.id_DQ383746.1	1216.99	27.4	-	585.59	0.0	-	-	-	-	100	-
HIV1.cut.id_DQ383750.1	0.0	844.01	-	2638.04	3745.93	-	-	-	-	100	0.0
HIV1.cut.id_DQ396364.1	113.28	25.13	-	934.28	2470.12	-	-	-	-	100	-
HIV1.cut.id_DQ396365.1	525.25	0.0	2259.89	5181.71	-	-	-	-	-	100	-
HIV1.cut.id_DQ396366.1	696.42	836.22	-	2147.71	0.0	-	-	-	-	100	-
HIV1.cut.id_DQ396367.1	0.0	1481.65	476.57	2434.08	158.23	-	-	-	-	100	-
HIV1.cut.id_DQ396368.1	0.0	0.0	-	3672.51	0.0	-	-	-	-	100	-
HIV1.cut.id_DQ396369.1	0.0	2062.42	-	3574.66	755.47	-	-	-	-	100	-
HIV1.cut.id_DQ396370.1	1693.4	0.0	-	2853.39	1369.86	-	-	-	-	100	-
HIV1.cut.id_DQ396371.1	0.0	820.28	1164.73	1739.56	-	-	-	-	-	100	-
HIV1.cut.id_DQ396372.1	0.0	319.66	-	3930.77	-	-	-	-	-	100	-
HIV1.cut.id_DQ396373.1	132.39	0.0	872.82	4610.45	1529.18	-	-	-	-	100	-
HIV1.cut.id_DQ396374.1	220.92	0.0	490.8	2009.21	0.0	-	-	-	-	100	-
HIV1.cut.id_DQ396375.1	94.81	0.0	-	2093.11	0.0	-	-	-	-	100	-
HIV1.cut.id_DQ396376.1	455.83	0.0	-	-	-	-	-	-	-	100	-
HIV1.cut.id_DQ396377.1	33.12	525.53	1954.02	3950.99	-	-	-	-	-	100	-
HIV1.cut.id_DQ396378.1	58.11	0.0	173.46	2765.09	-	-	-	-	-	100	-
HIV1.cut.id_DQ396380.1	0.0	77.46	1365.46	3119.03	0.0	-	-	-	-	100	-
HIV1.cut.id_DQ396381.1	232.82	0.0	39.31	4864.34	0.0	-	-	-	-	100	-
HIV1.cut.id_DQ396382.1	22.06	245.62	1132.4	11192.66	55.74	-	-	-	-	100	-
HIV1.cut.id_DQ396383.1	1270.07	50.03	-	2424.24	-	-	-	-	-	100	-
HIV1.cut.id_DQ396384.1	111.02	0.0	129.53	3476.15	1142.86	-	-	-	-	100	-
HIV1.cut.id_DQ396385.1	367.82	670.32	-	4533.24	-	-	-	-	-	100	-
HIV1.cut.id_DQ396386.1	0.0	442.36	894.99	1567.06	-	-	-	0.0	-	100	-
HIV1.cut.id_DQ396387.1	0.0	59.63	1463.58	3421.44	1970.06	-	-	-	-	100	-
HIV1.cut.id_DQ396388.1	420.68	0.0	1081.53	5480.8	-	-	-	-	-	100	-
HIV1.cut.id_DQ396389.1	347.3	0.0	898.2	2967.66	6254.34	-	-	-	-	100	-
HIV1.cut.id_DQ396390.1	1122.81	752.07	1329.6	2403.47	0.0	-	-	-	-	100	-
HIV1.cut.id_DQ396391.1	539.94	0.0	0.0	2434.86	-	-	-	2573.53	-	100	-
HIV1.cut.id_DQ396392.1	565.04	173.83	0.0	8122.57	-	-	-	-	-	100	-
HIV1.cut.id_DQ396393.1	0.0	505.69	128.92	3720.16	-	-	-	-	-	100	-
HIV1.cut.id_DQ396394.1	842.11	0.0	2098.47	6041.19	0.0	-	-	-	-	100	-
HIV1.cut.id_DQ396395.1	0.0	803.67	1377.95	1932.23	344.43	-	-	-	-	100	-
HIV1.cut.id_DQ396396.1	1277.11	854.2	3101.55	2390.01	0.0	-	-	-	-	100	-
HIV1.cut.id_DQ396397.1	187.85	1406.65	-	1509.73	-	-	-	-	-	100	-
HIV1.cut.id_DQ396398.1	0.0	1205.35	1936.48	2042.1	0.0	-	-	0.0	-	100	-
HIV1.cut.id_DQ396399.1	0.0	355.6	3294.37	7707.71	0.0	-	-	0.0	-	100	-
HIV1.cut.id_DQ396400.1	0.0	0.0	1705.76	2635.31	288.97	-	-	457.67	-	100	-
HIV1.cut.id_DQ400856.1	10503.69	58.93	470.29	2743.9	-	-	-	-	-	100	-
HIV1.cut.id_DQ445631.1	0.0	3189.32	1348.49	2380.11	579.41	-	-	-	-	100	-
HIV1.cut.id_DQ445632.1	0.0	506.16	1278.2	1585.98	381.26	-	-	-	-	100	-
HIV1.cut.id_DQ445633.1	672.43	237.75	988.32	1964.43	1464.25	-	-	-	-	100	-
HIV1.cut.id_DQ445634.1	0.0	1257.14	-	-	-	-	-	-	-	100	-
HIV1.cut.id_DQ445635.1	544.08	77.4	0.0	3876.56	-	-	-	-	-	100	-
HIV1.cut.id_DQ445636.1	0.0	2046.71	1071.81	4033.45	-	-	-	-	-	100	-
HIV1.cut.id_DQ445637.1	0.0	26.98	758.29	3339.07	492.39	-	-	0.0	-	100	-
HIV1.cut.id_DQ487188.1	1808.48	1674.7	-	4048.87	-	-	-	-	-	100	-
HIV1.cut.id_DQ487189.1	1275.99	-	-	4176.07	-	-	-	-	-	100	-
HIV1.cut.id_DQ487190.1	768.03	537.39	-	2562.5	-	-	-	-	-	100	-
HIV1.cut.id_DQ487191.1	383.66	1471.42	4347.83	-	-	-	3623.19	-	-	100	-
HIV1.cut.id_DQ676870.1	302.93	-	-	-	-	-	-	-	-	100	-
HIV1.cut.id_DQ676871.1	70.32	3078.98	-	-	-	-	-	-	-	100	-
HIV1.cut.id_DQ676872.1	3460.21	1065.72	2885.57	5700.53	0.0	-	-	0.0	-	100	0.0
HIV1.cut.id_DQ676873.1	126.92	-	-	-	-	-	-	-	-	100	-
HIV1.cut.id_DQ676874.1	1606.0	0.0	1559.93	7037.04	76.28	-	-	-	-	100	-
HIV1.cut.id_DQ676875.1	2357.29	140.45	-	-	-	-	-	-	-	100	-
HIV1.cut.id_DQ676876.1	233.83	-	1036.76	-	-	-	-	-	-	100	-
HIV1.cut.id_DQ676877.1	739.54	306.32	0.0	1464.48	171.82	-	-	-	-	100	-
HIV1.cut.id_DQ676878.1	1546.73	-	-	-	-	-	-	-	-	100	-
HIV1.cut.id_DQ676879.1	1299.89	4232.8	-	1784.12	-	-	-	-	-	100	-
HIV1.cut.id_DQ676880.1	81.03	732.3	-	1745.05	58.82	-	-	-	-	100	-
HIV1.cut.id_DQ676881.1	1279.71	-	-	-	-	-	-	-	-	100	-
HIV1.cut.id_DQ676882.1	-	195.31	-	496.28	-	-	-	-	-	100	-
HIV1.cut.id_DQ676883.1	185.92	-	1686.51	4343.72	-	-	-	-	-	100	-
HIV1.cut.id_DQ676884.1	2211.93	-	-	-	-	-	-	-	-	100	-
HIV1.cut.id_DQ676885.1	2629.08	611.62	-	-	-	-	-	-	-	100	-
HIV1.cut.id_DQ676886.1	483.21	399.84	-	1997.3	-	-	-	-	-	100	-
HIV1.cut.id_DQ676887.1	291.99	-	-	-	-	-	-	-	-	100	-
HIV1.cut.id_DQ823367.1	2460.48	368.19	-	5043.08	377.36	-	-	3644.07	-	100	-
HIV1.cut.id_DQ837381.1	930.08	141.21	1957.67	1016.46	485.61	-	-	1081.08	-	100	-
HIV1.cut.id_DQ845386.1	0.0	0.0	783.6	2815.01	68.8	-	-	0.0	-	100	0.0
HIV1.cut.id_DQ845387.1	1368.06	0.0	1268.44	3986.97	34.29	-	-	3054.91	-	100	0.0
HIV1.cut.id_DQ845388.1	537.58	245.6	1555.72	4648.41	0.0	-	-	0.0	-	100	-
HIV1.cut.id_DQ853436.1	2194.16	-	-	3141.36	-	-	-	-	-	100	-
HIV1.cut.id_DQ853437.1	1645.24	-	-	1807.23	3488.37	-	1463.79	-	-	100	-
HIV1.cut.id_DQ853438.1	1796.34	-	4347.83	-	-	-	-	-	-	100	-
HIV1.cut.id_DQ853439.1	802.7	-	-	7272.73	-	-	-	-	-	100	-
HIV1.cut.id_DQ853440.1	1589.87	-	-	-	-	-	-	-	-	100	-
HIV1.cut.id_DQ853441.1	991.61	-	-	4285.71	-	-	-	-	-	100	-
HIV1.cut.id_DQ853442.1	918.33	-	-	-	-	-	-	-	-	100	-
HIV1.cut.id_DQ853443.1	1908.69	-	-	-	-	-	-	-	-	100	-
HIV1.cut.id_DQ853444.1	2232.5	-	-	-	-	-	-	-	-	100	-
HIV1.cut.id_DQ853445.1	1323.99	-	-	1785.71	-	-	-	-	-	100	-
HIV1.cut.id_DQ853446.1	1620.92	-	-	-	-	-	-	-	-	100	-
HIV1.cut.id_DQ853447.1	2000.7	-	-	-	-	-	-	-	-	100	-
HIV1.cut.id_DQ853448.1	702.83	-	-	-	-	-	-	-	-	100	-
HIV1.cut.id_DQ853449.1	2212.97	-	-	3051.77	-	-	-	3653.85	-	100	-
HIV1.cut.id_DQ853450.1	924.42	-	-	1972.16	-	-	-	-	-	100	-
HIV1.cut.id_DQ853451.1	1493.03	-	-	4005.72	-	-	-	-	-	100	-
HIV1.cut.id_DQ853452.1	2741.53	-	-	-	-	-	-	-	-	100	-
HIV1.cut.id_DQ853453.1	3097.42	-	-	4109.59	-	-	-	-	-	100	-
HIV1.cut.id_DQ853454.1	772.6	-	299.1	-	-	-	-	-	-	100	-
HIV1.cut.id_DQ853455.1	-	-	-	-	-	-	-	-	-	100	-
HIV1.cut.id_DQ853456.1	451.86	1840.0	-	6480.22	-	-	-	-	-	100	-
HIV1.cut.id_DQ853457.1	646.35	-	-	1981.92	797.45	-	-	-	-	100	-
HIV1.cut.id_DQ853458.1	-	-	-	1455.48	-	-	-	-	-	100	-
HIV1.cut.id_DQ853459.1	411.73	0.0	-	2709.57	-	-	-	-	-	100	-
HIV1.cut.id_DQ853460.1	1387.23	-	-	1020.41	-	-	-	-	-	100	-
HIV1.cut.id_DQ853461.1	-	-	-	-	-	-	-	-	-	100	-
HIV1.cut.id_DQ853462.1	1881.22	-	-	5224.43	-	-	-	-	-	100	-
HIV1.cut.id_DQ853463.1	1392.48	753.3	-	-	-	-	-	-	-	100	-
HIV1.cut.id_DQ853464.1	2148.3	-	-	829.88	-	-	-	-	-	100	-
HIV1.cut.id_DQ853465.1	2209.33	-	-	2274.72	-	-	-	-	-	100	-
HIV1.cut.id_DQ854714.1	2482.55	-	-	5788.88	-	-	-	-	-	100	-
HIV1.cut.id_DQ854715.1	2375.87	-	-	4057.59	-	-	3708.79	-	-	100	-
HIV1.cut.id_DQ854716.1	2686.57	-	4384.13	-	-	-	-	-	-	100	-
HIV1.cut.id_DQ859178.1	0.0	0.0	454.13	3068.38	3848.71	-	-	-	-	100	-
HIV1.cut.id_DQ859179.1	1456.18	0.0	-	3927.99	-	-	-	-	-	100	-
HIV1.cut.id_DQ859180.1	1649.08	347.22	-	1658.93	0.0	-	-	-	-	100	-
HIV1.cut.id_DQ886031.1	0.0	945.79	3328.71	3331.65	75.27	-	-	-	-	100	-
HIV1.cut.id_DQ886032.1	73.52	0.0	1265.58	883.18	1005.53	-	-	-	-	100	-
HIV1.cut.id_DQ886033.1	472.27	858.68	-	1163.92	0.0	-	-	0.0	-	100	-
HIV1.cut.id_DQ886034.1	0.0	73.12	0.0	3292.18	0.0	-	-	-	-	100	-
HIV1.cut.id_DQ886035.1	0.0	1827.47	2081.67	7536.81	0.0	-	-	0.0	-	100	-
HIV1.cut.id_DQ886036.1	83.06	0.0	-	2296.59	0.0	-	-	-	-	100	-
HIV1.cut.id_DQ886037.1	0.0	0.0	2878.53	4025.81	0.0	-	-	-	-	100	-
HIV1.cut.id_DQ886038.1	0.0	0.0	3014.26	2373.32	0.0	-	-	231.36	-	100	-
HIV1.cut.id_DQ912822.1	585.94	0.0	105.1	3645.52	399.25	-	-	0.0	-	100	-
HIV1.cut.id_DQ912823.1	1865.17	901.88	-	814.75	254.89	-	-	0.0	-	100	-
HIV1.cut.id_DQ978981.1	1161.25	477.75	-	2432.78	570.88	-	-	-	-	100	-
HIV1.cut.id_DQ979023.1	461.87	23.36	697.21	4054.05	0.0	-	-	0.0	-	100	0.0
HIV1.cut.id_DQ979024.1	446.88	140.32	719.42	2701.3	0.0	-	3558.72	0.0	-	100	-
HIV1.cut.id_DQ979025.1	133.3	0.0	1935.24	2937.63	281.82	-	-	-	-	100	0.0
HIV1.cut.id_DQ990880.1	0.0	0.0	2447.16	1813.19	68.54	-	-	0.0	-	100	-
HIV1.cut.id_EF029066.1	6131.4	420.36	-	2880.92	-	-	-	-	-	100	-
HIV1.cut.id_EF029067.1	2165.31	-	-	3519.35	600.0	-	-	-	-	100	-
HIV1.cut.id_EF029068.1	1363.3	287.77	-	918.3	-	-	-	-	-	100	-
HIV1.cut.id_EF029069.1	4957.23	0.0	4166.67	2407.08	-	-	-	1779.22	-	100	-
HIV1.cut.id_EF036527.1	470.72	0.0	1454.78	2113.31	0.0	-	-	-	-	100	-
HIV1.cut.id_EF036528.1	406.64	345.92	-	4675.96	-	-	-	-	-	100	-
HIV1.cut.id_EF036529.1	1911.88	0.0	-	3207.81	0.0	-	-	-	-	100	-
HIV1.cut.id_EF036530.1	1066.46	0.0	1234.57	2985.94	-	-	-	-	-	100	-
HIV1.cut.id_EF036531.1	0.0	0.0	-	3173.62	-	-	-	-	-	100	-
HIV1.cut.id_EF036532.1	1690.18	958.96	-	2192.98	2698.76	-	-	-	-	100	-
HIV1.cut.id_EF036533.1	1329.82	0.0	526.78	939.6	-	-	-	-	-	100	-
HIV1.cut.id_EF036534.1	88.27	815.46	-	2555.71	1252.41	-	-	2811.24	-	100	-
HIV1.cut.id_EF036535.1	1130.5	0.0	477.55	1266.28	-	-	-	-	-	100	-
HIV1.cut.id_EF036536.1	2734.33	0.0	2079.57	3608.49	0.0	-	-	1610.31	-	100	-
HIV1.cut.id_EF057102.2	1858.61	81.23	-	3266.13	-	-	-	-	-	100	-
HIV1.cut.id_EF078278.2	171.09	-	-	3021.15	-	-	3498.54	-	-	100	-
HIV1.cut.id_EF078279.2	419.66	-	-	2971.5	-	-	-	-	-	100	-
HIV1.cut.id_EF091932.1	2007.67	316.21	-	1450.89	-	-	-	-	-	100	-
HIV1.cut.id_EF175209.1	4139.61	2040.82	0.0	-	-	-	-	-	-	100	-
HIV1.cut.id_EF175210.1	319.03	-	-	-	0.0	-	2105.9	0.0	-	100	-
HIV1.cut.id_EF175211.1	-	-	-	-	1129.57	-	-	-	-	100	-
HIV1.cut.id_EF175212.1	-	0.0	778.97	2857.64	-	-	-	-	-	100	-
HIV1.cut.id_EF178323.1	2410.52	-	-	-	-	-	-	-	-	100	-
HIV1.cut.id_EF178358.1	1050.83	-	-	-	-	-	-	-	-	100	-
HIV1.cut.id_EF178366.1	144.89	-	-	-	-	-	-	-	-	100	-
HIV1.cut.id_EF178405.1	1184.92	3836.32	-	4524.36	-	-	-	4545.45	-	100	-
HIV1.cut.id_EF192591.1	1040.58	1005.68	-	5649.28	-	-	-	-	-	100	-
HIV1.cut.id_EF192592.1	3145.09	-	-	7698.82	-	-	-	-	-	100	-
HIV1.cut.id_EF363122.1	128.18	0.0	-	786.08	37.22	-	-	-	-	100	-
HIV1.cut.id_EF363123.1	0.0	0.0	978.26	6414.17	-	-	-	-	-	100	-
HIV1.cut.id_EF363124.1	0.0	0.0	-	9219.63	-	-	-	5605.74	-	100	-
HIV1.cut.id_EF363125.1	50.62	0.0	-	8128.94	-	-	-	-	-	100	-
HIV1.cut.id_EF363126.1	0.0	0.0	-	3282.02	274.73	-	-	-	-	100	-
HIV1.cut.id_EF363127.1	0.0	519.03	-	2477.67	96.03	-	-	-	-	100	-
HIV1.cut.id_EF368370.1	5142.28	0.0	-	576.92	-	-	-	-	-	100	-
HIV1.cut.id_EF368371.1	456.73	75.87	4104.48	3814.71	3798.88	-	-	-	-	100	-
HIV1.cut.id_EF368372.1	0.0	0.0	-	1289.32	0.0	-	-	-	-	100	-
HIV1.cut.id_EF420986.1	566.47	-	-	1790.09	83.89	-	-	-	-	100	-
HIV1.cut.id_EF420987.1	72.31	-	2970.3	-	-	-	-	-	-	100	-
HIV1.cut.id_EF469243.2	1166.34	0.0	0.0	4080.65	73.26	-	-	-	-	100	-
HIV1.cut.id_EF495062.1	1444.77	271.25	-	300.3	476.19	-	-	-	-	100	-
HIV1.cut.id_EF514697.1	122.74	212.31	-	3332.0	-	-	-	-	-	100	0.0
HIV1.cut.id_EF514698.1	150.18	734.75	-	4121.59	0.0	-	-	0.0	-	100	-
HIV1.cut.id_EF514699.1	991.68	1915.54	687.29	956.34	0.0	-	-	-	-	100	0.0
HIV1.cut.id_EF514700.1	930.39	1064.04	1957.19	1100.04	-	-	-	-	-	100	-
HIV1.cut.id_EF514701.1	0.0	445.77	1638.0	2742.36	0.0	-	-	-	-	100	-
HIV1.cut.id_EF514702.1	0.0	435.37	-	1938.22	0.0	-	3833.87	0.0	-	100	-
HIV1.cut.id_EF514703.1	11.77	840.34	-	-	-	-	-	-	-	100	-
HIV1.cut.id_EF514704.1	2900.02	0.0	-	3920.91	-	-	-	0.0	-	100	-
HIV1.cut.id_EF514705.1	126.44	115.26	156.49	2106.13	617.13	-	-	-	-	100	-
HIV1.cut.id_EF514706.1	0.0	3405.99	-	504.82	-	-	-	0.0	-	100	-
HIV1.cut.id_EF514707.1	2109.97	486.83	1079.73	4519.04	0.0	-	-	-	-	100	-
HIV1.cut.id_EF514708.1	0.0	3952.1	-	14285.71	-	-	-	-	-	100	0.0
HIV1.cut.id_EF514709.1	1105.44	-	-	3508.77	-	-	-	-	-	100	0.0
HIV1.cut.id_EF514710.1	0.0	208.29	562.25	4973.65	0.0	-	-	-	-	100	-
HIV1.cut.id_EF514711.1	37.68	341.14	1522.07	2535.02	1440.68	-	-	-	-	100	0.0
HIV1.cut.id_EF514712.1	0.0	2193.93	0.0	1983.3	1194.03	-	-	-	-	100	-
HIV1.cut.id_EF514713.1	278.66	0.0	-	1303.4	-	-	-	4838.71	-	100	0.0
HIV1.cut.id_EF545108.1	485.9	0.0	-	3820.82	56.02	-	-	47.69	-	100	-
HIV1.cut.id_EF633445.1	0.0	1063.63	204.19	6665.28	0.0	-	-	-	-	100	-
HIV1.cut.id_EF637046.1	11.11	0.0	4642.86	2176.26	0.0	-	-	-	-	100	-
HIV1.cut.id_EF637047.1	0.0	0.0	3232.53	2918.29	0.0	-	-	-	-	100	-
HIV1.cut.id_EF637048.1	0.0	0.0	-	4590.72	0.0	-	-	-	-	100	-
HIV1.cut.id_EF637049.1	0.0	810.15	1961.47	5177.69	0.0	-	-	1049.48	-	100	-
HIV1.cut.id_EF637050.1	516.39	540.54	-	5366.85	-	-	-	-	-	100	-
HIV1.cut.id_EF637051.1	418.86	0.0	653.59	4142.01	0.0	-	-	-	-	100	-
HIV1.cut.id_EF637052.1	0.0	1005.77	2655.49	2230.53	944.34	-	-	342.47	-	100	-
HIV1.cut.id_EF637053.1	0.0	0.0	656.6	2872.58	0.0	-	-	-	-	100	-
HIV1.cut.id_EF637054.1	0.0	50.89	172.61	2773.25	0.0	-	-	-	-	100	-
HIV1.cut.id_EF637055.1	700.16	415.08	895.04	3785.98	0.0	-	-	0.0	-	100	-
HIV1.cut.id_EF637056.1	0.0	178.92	976.29	3506.81	497.9	-	4278.07	-	-	100	-
HIV1.cut.id_EF637057.1	0.0	0.0	1404.4	2233.72	0.0	-	-	0.0	-	100	-
HIV1.cut.id_EU000506.1	866.86	500.63	-	1272.02	-	-	-	-	-	100	-
HIV1.cut.id_EU000507.1	3585.35	-	-	4246.85	-	-	-	2138.28	-	100	-
HIV1.cut.id_EU000508.1	1769.42	-	-	-	-	-	-	-	-	100	-
HIV1.cut.id_EU000509.1	2375.78	3932.58	3947.37	2318.39	1327.74	-	-	-	-	100	-
HIV1.cut.id_EU000510.1	566.46	-	91.07	6253.31	947.87	-	-	895.26	-	100	-
HIV1.cut.id_EU000511.1	922.12	-	-	3296.06	-	-	-	-	-	100	-
HIV1.cut.id_EU000512.1	-	-	-	4301.08	-	-	-	-	-	100	-
HIV1.cut.id_EU000513.1	-	2623.18	-	2190.48	-	-	-	-	-	100	-
HIV1.cut.id_EU000514.1	1194.95	-	647.13	5743.94	283.69	-	4060.91	-	-	100	-
HIV1.cut.id_EU000515.1	0.0	655.2	-	3120.43	276.24	-	-	0.0	-	100	-
HIV1.cut.id_EU000516.1	269.06	182.95	2988.69	4277.7	-	-	-	-	-	100	-
HIV1.cut.id_EU031913.1	38.71	1107.01	1174.35	2707.37	0.0	-	-	-	-	100	-
HIV1.cut.id_EU031914.1	22.03	955.31	1977.3	1342.12	0.0	-	-	-	-	100	-
HIV1.cut.id_EU031915.1	2124.8	1519.1	-	6364.75	-	-	-	1631.48	-	100	-
HIV1.cut.id_EU110085.1	13.47	0.0	679.98	4426.61	0.0	-	-	-	-	100	-
HIV1.cut.id_EU110086.1	415.15	3823.53	-	955.41	-	-	-	-	-	100	-
HIV1.cut.id_EU110087.1	332.91	0.0	1032.57	2817.32	-	-	-	-	-	100	-
HIV1.cut.id_EU110088.1	183.34	-	-	4619.57	-	-	-	-	-	100	-
HIV1.cut.id_EU110089.1	4410.24	-	-	-	-	-	-	-	-	100	-
HIV1.cut.id_EU110090.1	587.33	4834.01	-	6586.27	-	-	-	-	-	100	0.0
HIV1.cut.id_EU110091.1	279.8	-	-	3717.47	-	-	-	1132.08	-	100	-
HIV1.cut.id_EU110092.1	1408.92	431.8	1096.58	2493.01	0.0	-	-	0.0	-	100	-
HIV1.cut.id_EU110093.1	0.0	584.8	374.53	4134.67	0.0	-	-	1516.3	-	100	-
HIV1.cut.id_EU110094.1	629.79	234.88	2196.91	4408.54	99.83	-	-	-	-	100	-
HIV1.cut.id_EU110095.1	548.01	-	611.62	628.93	-	-	-	1770.96	-	100	-
HIV1.cut.id_EU110096.1	1464.89	1565.18	0.0	3984.3	252.92	-	-	-	-	100	-
HIV1.cut.id_EU110097.1	4841.59	-	578.99	5002.03	0.0	-	3909.95	136.18	-	100	0.0
HIV1.cut.id_EU220698.1	576.71	652.36	179.05	374.8	0.0	-	-	0.0	-	100	-
HIV1.cut.id_EU293444.1	246.11	329.54	0.0	1308.41	282.22	-	-	4449.15	-	100	-
HIV1.cut.id_EU293445.1	581.59	0.0	-	2179.54	-	-	-	-	-	100	-
HIV1.cut.id_EU293446.1	161.83	0.0	379.15	4223.74	0.0	-	-	-	-	100	-
HIV1.cut.id_EU293447.1	255.29	1035.44	0.0	2055.45	3532.88	-	-	-	-	100	-
HIV1.cut.id_EU293448.1	0.0	0.0	1247.22	4060.58	1823.9	-	-	-	-	100	-
HIV1.cut.id_EU293449.1	220.56	0.0	1545.06	3001.5	0.0	-	-	-	-	100	-
HIV1.cut.id_EU293450.1	1026.6	106.65	1814.06	4245.03	1100.92	-	-	5822.98	-	100	-
HIV1.cut.id_EU446022.1	0.0	1435.57	1518.44	5931.61	3542.99	-	2941.18	0.0	-	100	-
HIV1.cut.id_EU448295.1	243.17	1825.27	801.67	1684.31	242.51	-	-	0.0	-	100	-
HIV1.cut.id_EU448296.1	342.13	318.56	1982.82	4176.25	0.0	-	-	0.0	-	100	-
HIV1.cut.id_EU541617.1	3997.17	-	-	-	-	-	-	-	-	100	-
HIV1.cut.id_EU547186.1	0.0	442.22	1794.87	2391.46	110.68	-	-	-	-	100	-
HIV1.cut.id_EU616639.1	815.38	-	-	2337.66	-	-	-	-	-	100	-
HIV1.cut.id_EU616640.1	278.16	137.36	-	248.55	3803.28	-	-	-	-	100	-
HIV1.cut.id_EU616641.1	224.39	-	-	1253.36	-	-	-	-	-	100	-
HIV1.cut.id_EU616642.1	0.0	2987.13	461.36	2970.97	-	-	-	-	-	100	-
HIV1.cut.id_EU616643.1	-	-	-	1845.64	-	-	-	-	-	100	-
HIV1.cut.id_EU616644.1	343.77	-	-	1331.48	55.04	-	-	-	-	100	-
HIV1.cut.id_EU616645.1	-	916.94	-	2576.97	-	-	-	-	-	100	-
HIV1.cut.id_EU616649.1	81.78	-	-	2491.1	-	-	-	-	-	100	-
HIV1.cut.id_EU693240.1	3272.77	257.57	-	3345.72	-	-	-	0.0	-	100	-
HIV1.cut.id_EU697904.1	5261.42	728.6	-	5622.3	0.0	-	-	-	-	100	-
HIV1.cut.id_EU697905.1	2804.35	878.35	1529.35	6447.53	2745.66	-	-	0.0	-	100	885.3
HIV1.cut.id_EU697906.1	1840.59	198.41	4046.24	1724.14	0.0	-	-	-	-	100	-
HIV1.cut.id_EU697907.1	4835.65	164.47	1271.19	3745.67	2987.42	-	-	1970.44	-	100	-
HIV1.cut.id_EU697908.1	2935.67	307.22	4597.7	2075.96	1864.21	-	-	0.0	-	100	-
HIV1.cut.id_EU697909.1	6046.66	201.61	4102.56	2606.81	645.16	-	-	0.0	-	100	-
HIV1.cut.id_EU735535.1	433.33	820.18	1212.94	2494.94	2509.91	-	-	-	-	100	-
HIV1.cut.id_EU735536.1	0.0	3086.01	362.02	3201.35	819.22	-	-	0.0	-	100	-
HIV1.cut.id_EU735537.1	0.0	959.93	879.12	6004.8	-	-	-	0.0	-	100	-
HIV1.cut.id_EU735538.1	0.0	0.0	724.64	2749.88	0.0	-	-	0.0	-	100	-
HIV1.cut.id_EU735539.1	142.78	87.66	1166.51	5871.69	0.0	-	-	-	-	100	-
HIV1.cut.id_EU735540.1	2489.26	1230.77	585.39	3603.01	955.41	-	-	0.0	-	100	-
HIV1.cut.id_EU743963.1	0.0	124.81	721.26	2694.22	0.0	-	-	0.0	-	100	-
HIV1.cut.id_EU743964.1	0.0	2163.62	1841.43	2315.46	137.93	-	-	0.0	-	100	-
HIV1.cut.id_EU786670.1	2212.14	0.0	816.33	2743.59	878.05	-	-	256.61	-	100	-
HIV1.cut.id_EU786671.1	401.25	392.38	1229.35	5293.01	0.0	-	-	-	-	100	-
HIV1.cut.id_EU786672.1	543.66	281.69	983.61	-	-	-	-	-	-	100	0.0
HIV1.cut.id_EU786673.1	505.11	1548.62	-	1809.95	843.37	-	-	-	-	100	-
HIV1.cut.id_EU786674.1	873.36	395.26	-	3322.95	-	-	-	-	-	100	-
HIV1.cut.id_EU786675.1	5043.28	-	-	3220.19	-	-	-	-	-	100	-
HIV1.cut.id_EU786676.1	395.93	47.45	235.94	3183.67	-	-	-	-	-	100	-
HIV1.cut.id_EU786677.1	3007.62	0.0	-	1120.45	0.0	-	-	-	-	100	-
HIV1.cut.id_EU786678.1	224.74	764.28	-	10577.8	0.0	-	-	-	-	100	-
HIV1.cut.id_EU786679.1	0.0	0.0	3577.24	2379.06	-	-	-	-	-	100	-
HIV1.cut.id_EU786680.1	391.11	784.93	720.81	2823.53	287.77	-	-	-	-	100	-
HIV1.cut.id_EU786681.1	0.0	471.7	-	3310.52	292.11	-	-	982.8	-	100	-
HIV1.cut.id_EU861977.1	428.17	98.52	0.0	2796.83	3736.92	-	-	0.0	-	100	-
HIV1.cut.id_EU884500.1	1405.31	52.52	-	-	-	-	-	-	-	100	-
HIV1.cut.id_EU884501.1	0.0	-	0.0	1153.85	-	-	-	0.0	-	100	-
HIV1.cut.id_FJ185228.1	2019.75	-	-	3322.26	-	-	-	4232.8	-	100	-
HIV1.cut.id_FJ185229.1	363.64	-	-	-	-	-	-	-	-	100	-
HIV1.cut.id_FJ185230.1	1000.48	-	-	2160.1	-	-	-	-	-	100	-
HIV1.cut.id_FJ185231.1	2512.7	-	-	-	-	-	-	-	-	100	-
HIV1.cut.id_FJ185232.1	4347.83	-	-	-	-	-	-	-	-	100	-
HIV1.cut.id_FJ185233.1	934.39	-	-	992.91	-	-	-	-	-	100	-
HIV1.cut.id_FJ185234.1	-	-	-	4200.82	-	-	-	-	-	100	-
HIV1.cut.id_FJ185235.1	0.0	-	-	7053.39	-	-	-	-	-	100	-
HIV1.cut.id_FJ185236.1	2414.33	-	-	-	-	-	-	-	-	100	-
HIV1.cut.id_FJ185237.1	1217.89	3518.82	-	364.3	-	-	-	-	-	100	-
HIV1.cut.id_FJ185238.1	3306.33	693.07	-	2780.87	-	-	-	-	-	100	-
HIV1.cut.id_FJ185239.1	600.09	4421.93	-	3647.06	-	-	-	-	-	100	-
HIV1.cut.id_FJ185240.1	2635.6	0.0	-	3184.06	-	-	-	-	-	100	-
HIV1.cut.id_FJ185241.1	580.38	-	-	-	-	-	-	-	-	100	-
HIV1.cut.id_FJ185242.1	2886.07	-	-	-	-	-	-	-	-	100	-
HIV1.cut.id_FJ185243.1	1886.79	-	-	3371.3	-	-	-	-	-	100	-
HIV1.cut.id_FJ185244.1	195.6	0.0	-	3030.3	-	-	-	-	-	100	-
HIV1.cut.id_FJ185245.1	4348.32	-	2850.88	1251.12	-	-	-	-	-	100	-
HIV1.cut.id_FJ185246.1	371.56	-	-	8414.87	-	-	-	-	-	100	-
HIV1.cut.id_FJ185247.1	2450.55	0.0	-	864.4	-	-	-	-	-	100	-
HIV1.cut.id_FJ185248.1	424.5	76.13	4954.95	1113.17	-	-	-	-	-	100	-
HIV1.cut.id_FJ185249.1	2045.1	-	-	1716.0	-	-	-	-	-	100	-
HIV1.cut.id_FJ185250.1	0.0	-	-	3836.48	-	-	-	-	-	100	-
HIV1.cut.id_FJ185251.1	1146.66	0.0	-	1420.45	-	-	-	-	-	100	-
HIV1.cut.id_FJ185252.1	1108.4	-	-	3346.08	0.0	-	-	-	-	100	-
HIV1.cut.id_FJ185253.1	1764.57	-	-	2850.06	-	-	-	-	-	100	-
HIV1.cut.id_FJ185254.1	4384.32	-	-	3247.55	-	-	-	-	-	100	-
HIV1.cut.id_FJ185255.1	93.4	185.3	-	-	-	-	-	-	-	100	-
HIV1.cut.id_FJ185256.1	2957.11	-	-	2864.72	-	-	-	-	-	100	-
HIV1.cut.id_FJ185257.1	1086.96	-	-	7252.53	-	-	-	-	-	100	-
HIV1.cut.id_FJ185258.1	1386.61	-	-	3361.86	-	-	-	-	-	100	-
HIV1.cut.id_FJ185259.1	1658.63	-	-	-	-	-	-	-	-	100	-
HIV1.cut.id_FJ185260.1	1288.29	0.0	-	1408.45	-	-	-	-	-	100	-
HIV1.cut.id_FJ195086.1	0.0	2915.24	-	8550.91	-	-	-	-	-	100	-
HIV1.cut.id_FJ195087.1	978.85	2753.57	1693.36	1839.4	731.93	-	730.99	2345.62	-	100	-
HIV1.cut.id_FJ195088.1	0.0	0.0	980.75	2568.59	-	-	-	-	-	100	-
HIV1.cut.id_FJ195089.1	111.27	1068.86	3775.88	7868.1	0.0	-	-	-	-	100	-
HIV1.cut.id_FJ195090.1	0.0	0.0	563.61	4008.91	-	-	-	-	-	100	-
HIV1.cut.id_FJ195091.1	109.72	1549.99	0.0	2187.64	0.0	-	-	-	-	100	-
HIV1.cut.id_FJ213780.1	111.81	0.0	2683.32	312.5	0.0	-	-	542.59	-	100	-
HIV1.cut.id_FJ213781.1	1992.83	250.0	0.0	6349.49	-	-	-	2884.62	-	100	-
HIV1.cut.id_FJ213782.1	279.17	2328.24	1905.12	1592.36	-	-	-	0.0	-	100	438.87
HIV1.cut.id_FJ213783.1	716.28	52.99	-	1906.78	305.58	-	-	-	-	100	0.0
HIV1.cut.id_FJ358521.1	428.99	1123.6	1167.32	6417.62	0.0	-	-	3305.79	-	100	-
HIV1.cut.id_FJ460499.1	1304.13	1823.23	-	2983.02	-	-	-	2400.55	-	100	-
HIV1.cut.id_FJ460500.1	502.12	0.0	1268.29	2331.74	-	-	-	2201.26	-	100	-
HIV1.cut.id_FJ460501.1	2634.22	3417.27	-	1692.16	-	-	-	-	-	100	0.0
HIV1.cut.id_FJ495818.1	-	-	2872.15	2736.6	-	-	-	-	-	100	-
HIV1.cut.id_FJ495819.1	89.0	-	-	3538.52	-	-	-	-	-	100	-
HIV1.cut.id_FJ495820.1	778.64	-	1014.76	-	-	-	-	-	-	100	-
HIV1.cut.id_FJ495821.1	-	-	-	-	-	-	-	-	-	100	-
HIV1.cut.id_FJ495822.1	-	-	-	3022.83	0.0	-	-	-	-	100	-
HIV1.cut.id_FJ495823.1	3575.86	-	-	-	-	-	-	-	-	100	-
HIV1.cut.id_FJ495824.1	-	-	-	-	-	-	-	-	-	100	-
HIV1.cut.id_FJ495825.1	-	1285.96	965.25	2705.52	-	-	-	-	-	100	-
HIV1.cut.id_FJ495826.1	-	-	-	-	-	-	-	-	-	100	-
HIV1.cut.id_FJ495937.1	-	-	-	-	1715.69	-	-	-	-	100	-
HIV1.cut.id_FJ495938.1	98.85	-	-	4720.56	-	-	-	-	-	100	-
HIV1.cut.id_FJ495939.1	-	-	-	-	-	-	-	-	-	100	-
HIV1.cut.id_FJ495940.1	-	0.0	-	6932.23	-	-	-	0.0	-	100	-
HIV1.cut.id_FJ495941.1	144.0	0.0	2247.19	7882.46	-	-	-	-	-	100	-
HIV1.cut.id_FJ495942.1	-	-	206.93	1001.8	664.64	-	-	-	-	100	-
HIV1.cut.id_FJ495943.1	4633.2	-	-	2980.13	518.13	-	2755.62	-	-	100	-
HIV1.cut.id_FJ496000.1	-	3658.54	-	-	-	-	-	-	-	100	-
HIV1.cut.id_FJ496001.1	367.06	-	-	-	0.0	-	-	-	-	100	-
HIV1.cut.id_FJ496002.1	-	0.0	-	4936.97	-	-	-	2641.31	-	100	-
HIV1.cut.id_FJ496003.1	-	-	1054.48	-	-	-	-	-	-	100	-
HIV1.cut.id_FJ496004.1	44.21	880.28	-	617.96	-	-	-	-	-	100	-
HIV1.cut.id_FJ496005.1	1825.4	81.17	1627.3	3725.67	-	-	-	-	-	100	-
HIV1.cut.id_FJ496006.1	761.37	-	3914.14	-	-	-	-	-	-	100	-
HIV1.cut.id_FJ496007.1	-	-	-	2047.78	0.0	-	-	-	-	100	-
HIV1.cut.id_FJ496072.1	110.29	-	-	4609.6	1377.73	-	-	-	-	100	-
HIV1.cut.id_FJ496073.1	-	-	-	-	-	-	-	-	-	100	-
HIV1.cut.id_FJ496074.1	-	-	-	2655.92	-	-	-	-	-	100	-
HIV1.cut.id_FJ496075.1	824.18	-	-	488.33	-	-	-	-	-	100	-
HIV1.cut.id_FJ496076.1	-	-	3287.84	4511.53	0.0	-	1759.76	-	-	100	-
HIV1.cut.id_FJ496077.1	-	315.02	500.83	-	2142.56	-	-	-	-	100	-
HIV1.cut.id_FJ496078.1	196.64	-	-	-	-	-	-	1495.73	-	100	-
HIV1.cut.id_FJ496079.1	-	-	1167.64	2997.28	-	-	2390.44	-	-	100	-
HIV1.cut.id_FJ496080.1	-	-	-	2592.15	-	-	-	-	-	100	-
HIV1.cut.id_FJ496081.1	-	0.0	2255.32	2660.96	-	-	-	-	-	100	-
HIV1.cut.id_FJ496082.1	-	-	508.91	1172.14	0.0	-	-	0.0	-	100	-
HIV1.cut.id_FJ496083.1	1746.24	-	-	-	1493.43	-	-	-	-	100	-
HIV1.cut.id_FJ496084.1	2544.39	-	-	-	-	-	-	-	-	100	-
HIV1.cut.id_FJ496085.1	44.2	498.34	215.21	1525.47	954.2	-	-	2825.75	-	100	-
HIV1.cut.id_FJ496145.1	0.0	-	-	1158.94	-	-	-	-	-	100	-
HIV1.cut.id_FJ496146.1	-	0.0	0.0	3530.71	-	-	-	-	-	100	-
HIV1.cut.id_FJ496147.1	0.0	-	2359.66	4109.59	-	-	-	-	-	100	-
HIV1.cut.id_FJ496148.1	-	-	-	2129.12	-	-	-	-	-	100	-
HIV1.cut.id_FJ496149.1	-	-	-	3027.25	0.0	-	-	-	-	100	-
HIV1.cut.id_FJ496150.1	411.52	-	-	2357.46	-	-	-	-	-	100	-
HIV1.cut.id_FJ496151.1	-	-	-	-	-	-	409.42	-	-	100	-
HIV1.cut.id_FJ496152.1	-	0.0	678.29	2576.49	-	-	-	-	-	100	-
HIV1.cut.id_FJ496153.1	85.52	-	-	3041.03	768.8	-	-	-	-	100	-
HIV1.cut.id_FJ496154.1	-	-	-	2147.07	-	-	-	-	-	100	-
HIV1.cut.id_FJ496155.1	-	940.11	2311.56	9303.93	-	-	-	-	-	100	-
HIV1.cut.id_FJ496156.1	-	-	-	-	-	-	-	-	-	100	-
HIV1.cut.id_FJ496157.1	32.18	-	188.56	3942.92	-	-	-	-	-	100	-
HIV1.cut.id_FJ496158.1	-	-	-	2268.04	-	-	-	-	-	100	-
HIV1.cut.id_FJ496159.1	141.29	-	-	-	-	-	-	-	-	100	-
HIV1.cut.id_FJ496160.1	-	-	-	322.58	-	-	-	-	-	100	-
HIV1.cut.id_FJ496161.1	-	-	-	2530.61	794.1	-	-	-	-	100	-
HIV1.cut.id_FJ496162.1	-	-	-	738.01	-	-	-	-	-	100	-
HIV1.cut.id_FJ496163.1	-	0.0	3125.0	-	-	-	-	2755.91	-	100	-
HIV1.cut.id_FJ496164.1	154.36	-	-	2884.62	-	-	-	-	-	100	-
HIV1.cut.id_FJ496165.1	97.32	-	-	-	-	-	-	-	-	100	-
HIV1.cut.id_FJ496166.1	0.0	-	-	1478.87	-	-	-	-	-	100	-
HIV1.cut.id_FJ496167.1	-	-	-	3362.57	-	-	3179.72	-	-	100	-
HIV1.cut.id_FJ496168.1	1907.69	-	-	-	-	-	-	-	-	100	-
HIV1.cut.id_FJ496169.1	47.86	-	-	1549.05	2213.44	-	-	-	-	100	-
HIV1.cut.id_FJ496170.1	-	-	-	3806.97	-	-	-	-	-	100	-
HIV1.cut.id_FJ496171.1	1455.94	-	-	-	-	-	-	-	-	100	-
HIV1.cut.id_FJ496172.1	-	-	-	-	-	-	-	2522.94	-	100	-
HIV1.cut.id_FJ496173.1	155.88	-	-	-	-	-	3652.17	-	-	100	-
HIV1.cut.id_FJ496174.1	-	-	-	3285.42	-	-	-	-	-	100	-
HIV1.cut.id_FJ496175.1	-	29.96	-	-	-	-	-	-	-	100	-
HIV1.cut.id_FJ496176.1	-	-	-	-	2126.75	-	-	-	-	100	-
HIV1.cut.id_FJ496177.1	99.7	-	-	4310.34	-	-	-	-	-	100	-
HIV1.cut.id_FJ496178.1	-	-	1231.64	-	-	-	-	-	-	100	-
HIV1.cut.id_FJ496179.1	-	-	-	1345.57	-	-	-	-	-	100	-
HIV1.cut.id_FJ496180.1	-	-	-	4923.08	651.11	-	4324.32	-	-	100	-
HIV1.cut.id_FJ496181.1	1056.34	-	-	-	-	-	-	-	-	100	-
HIV1.cut.id_FJ496182.1	-	-	489.0	343.75	-	-	-	-	-	100	-
HIV1.cut.id_FJ496183.1	136.05	-	-	136.33	-	-	-	-	-	100	-
HIV1.cut.id_FJ496184.1	-	-	-	-	-	-	-	-	-	100	-
HIV1.cut.id_FJ496185.1	-	-	-	-	2680.83	-	-	-	-	100	-
HIV1.cut.id_FJ496186.1	-	-	511.99	-	79.05	-	-	-	-	100	-
HIV1.cut.id_FJ496187.1	-	-	-	3187.13	-	-	-	-	-	100	-
HIV1.cut.id_FJ496188.1	-	-	-	3022.34	-	-	-	-	-	100	-
HIV1.cut.id_FJ496189.1	-	-	-	1978.97	-	-	-	-	-	100	-
HIV1.cut.id_FJ496190.1	-	-	-	781.25	-	-	-	-	-	100	-
HIV1.cut.id_FJ496191.1	-	0.0	2742.95	1546.07	678.29	-	-	-	-	100	-
HIV1.cut.id_FJ496192.1	-	-	-	2947.85	-	-	-	-	-	100	-
HIV1.cut.id_FJ496193.1	33.5	0.0	182.26	2037.79	-	-	-	-	-	100	-
HIV1.cut.id_FJ496194.1	-	-	-	-	-	-	-	-	-	100	-
HIV1.cut.id_FJ496195.1	-	-	498.34	-	-	-	-	69.35	-	100	-
HIV1.cut.id_FJ496196.1	-	-	86.21	-	976.91	-	-	-	-	100	-
HIV1.cut.id_FJ496197.1	81.79	-	-	1984.56	-	-	4466.67	-	-	100	-
HIV1.cut.id_FJ496198.1	0.0	-	-	3374.01	-	-	-	-	-	100	-
HIV1.cut.id_FJ496199.1	-	-	-	3770.81	-	-	-	-	-	100	-
HIV1.cut.id_FJ496200.1	729.66	0.0	104.99	-	-	-	-	-	-	100	-
HIV1.cut.id_FJ496201.1	753.3	-	-	3508.77	803.21	-	-	-	-	100	-
HIV1.cut.id_FJ496202.1	2036.86	2494.06	-	-	-	-	-	-	-	100	-
HIV1.cut.id_FJ496203.1	948.13	-	-	1688.56	-	-	-	-	-	100	-
HIV1.cut.id_FJ496204.1	-	711.3	-	1364.49	687.76	-	-	-	-	100	-
HIV1.cut.id_FJ496205.1	1054.37	0.0	-	5674.77	-	-	-	-	-	100	-
HIV1.cut.id_FJ496206.1	125.68	-	-	-	-	-	-	-	-	100	-
HIV1.cut.id_FJ496207.1	-	250.91	-	-	-	-	-	-	-	100	-
HIV1.cut.id_FJ496208.1	4947.82	3659.39	-	4201.93	-	-	-	82.1	-	100	-
HIV1.cut.id_FJ496209.1	-	-	-	-	434.58	-	-	-	-	100	-
HIV1.cut.id_FJ496210.1	407.38	-	263.04	5903.15	-	-	-	-	-	100	-
HIV1.cut.id_FJ496211.1	-	-	-	7059.12	-	-	4320.11	-	-	100	-
HIV1.cut.id_FJ496212.1	-	-	2623.91	2170.14	-	-	-	-	-	100	-
HIV1.cut.id_FJ496213.1	0.0	0.0	461.96	4787.96	2765.65	-	-	84.82	-	100	-
HIV1.cut.id_FJ496214.1	-	2093.24	-	1376.26	893.47	-	-	-	-	100	-
HIV1.cut.id_FJ623475.1	0.0	203.25	297.0	3153.75	0.0	-	-	0.0	-	100	-
HIV1.cut.id_FJ623476.1	11.5	0.0	466.47	4853.48	233.74	-	-	0.0	-	100	-
HIV1.cut.id_FJ623477.1	0.0	0.0	517.67	5713.3	497.16	-	-	0.0	-	100	-
HIV1.cut.id_FJ623478.1	1073.53	0.0	955.09	3201.83	721.24	-	-	-	-	100	-
HIV1.cut.id_FJ623479.1	0.0	0.0	840.12	2056.87	159.44	-	-	1112.27	-	100	-
HIV1.cut.id_FJ623480.1	456.62	2793.76	718.43	2497.99	0.0	-	-	-	-	100	-
HIV1.cut.id_FJ623481.1	958.25	265.49	1429.21	4747.92	0.0	-	-	1561.34	-	100	-
HIV1.cut.id_FJ623482.1	516.17	100.64	146.7	4190.18	0.0	-	-	0.0	-	100	-
HIV1.cut.id_FJ623483.1	0.0	198.76	606.06	607.06	39.6	-	-	-	-	100	0.0
HIV1.cut.id_FJ623484.1	337.74	0.0	201.86	4534.71	231.84	-	-	-	-	100	-
HIV1.cut.id_FJ623485.1	1342.51	570.85	252.07	595.12	0.0	-	-	-	-	100	-
HIV1.cut.id_FJ623486.1	1116.48	2167.25	1567.26	3213.91	0.0	-	-	0.0	-	100	-
HIV1.cut.id_FJ623487.1	0.0	0.0	1502.45	3195.66	112.55	-	-	0.0	-	100	-
HIV1.cut.id_FJ623488.1	0.0	414.39	1249.69	5727.18	375.76	-	-	0.0	-	100	-
HIV1.cut.id_FJ623489.1	2939.78	1030.93	998.75	1144.58	292.54	-	2092.68	0.0	-	100	0.0
HIV1.cut.id_FJ623490.1	402.99	208.77	-	0.0	0.0	-	-	-	-	100	-
HIV1.cut.id_FJ623491.1	0.0	158.87	1713.17	2411.22	0.0	-	-	0.0	-	100	-
HIV1.cut.id_FJ623492.1	0.0	654.66	267.74	4920.5	56.37	-	-	0.0	-	100	0.0
HIV1.cut.id_FJ623493.1	395.84	-	-	-	117.3	-	-	-	-	100	-
HIV1.cut.id_FJ623494.1	103.25	0.0	-	3049.86	-	-	1070.84	-	-	100	-
HIV1.cut.id_FJ623495.1	0.0	0.0	3130.54	2530.57	564.5	-	-	77.1	-	100	-
HIV1.cut.id_FJ647145.1	968.32	0.0	-	3507.67	-	-	-	-	-	100	-
HIV1.cut.id_FJ670515.1	0.0	2333.97	1381.98	3810.26	27.4	-	-	2273.84	-	100	-
HIV1.cut.id_FJ670516.2	189.88	0.0	701.26	904.39	742.48	-	-	1519.28	-	100	-
HIV1.cut.id_FJ670517.1	921.91	-	-	2007.6	-	-	-	-	-	100	-
HIV1.cut.id_FJ670518.1	2189.14	-	-	-	-	-	-	-	-	100	-
HIV1.cut.id_FJ670519.1	1386.27	1076.69	1652.89	541.75	-	-	-	-	-	100	-
HIV1.cut.id_FJ670520.1	412.83	161.81	1059.42	1039.78	0.0	-	-	0.0	-	100	-
HIV1.cut.id_FJ670521.1	1753.6	0.0	-	4815.71	-	-	-	-	-	100	-
HIV1.cut.id_FJ670522.1	4131.59	344.23	-	1741.29	-	-	-	-	-	100	-
HIV1.cut.id_FJ670523.1	2164.55	2880.47	1054.65	2804.41	987.36	-	-	-	-	100	-
HIV1.cut.id_FJ670524.1	837.05	587.74	-	2190.21	179.86	-	-	-	-	100	-
HIV1.cut.id_FJ670525.1	0.0	280.55	-	1504.19	-	-	-	-	-	100	0.0
HIV1.cut.id_FJ670526.1	11.62	-	616.79	1340.28	-	-	-	1375.25	-	100	-
HIV1.cut.id_FJ670527.1	0.0	99.23	2072.36	3003.32	0.0	-	-	0.0	-	100	0.0
HIV1.cut.id_FJ670528.1	3163.4	2920.35	-	1851.85	-	-	2633.97	-	-	100	-
HIV1.cut.id_FJ670529.1	566.86	686.39	1149.16	3564.88	355.62	-	-	0.0	-	100	-
HIV1.cut.id_FJ670530.1	1079.55	657.71	495.58	1724.14	0.0	-	-	3991.51	-	100	-
HIV1.cut.id_FJ670531.1	409.32	0.0	-	5614.27	2825.75	-	-	-	-	100	-
HIV1.cut.id_FJ711703.1	2951.22	323.36	1836.13	37.31	26.54	-	-	0.0	-	100	0.0
HIV1.cut.id_FJ771006.1	99.32	0.0	1851.85	3040.19	-	-	-	438.6	-	100	-
HIV1.cut.id_FJ771007.1	44.73	29.06	1049.42	4162.37	369.69	-	-	0.0	-	100	-
HIV1.cut.id_FJ771008.1	1455.67	174.18	574.24	5865.84	838.17	-	-	0.0	-	100	-
HIV1.cut.id_FJ771009.1	274.45	0.0	898.1	2563.03	1295.25	-	-	622.31	-	100	-
HIV1.cut.id_FJ771010.1	1028.67	0.0	2859.91	2655.81	392.44	-	-	3597.12	-	100	-
HIV1.cut.id_FJ853620.1	636.44	139.83	1175.02	5371.9	1496.26	-	-	129.62	-	100	-
HIV1.cut.id_FJ853621.1	0.0	1361.46	3850.43	4917.3	129.76	-	-	0.0	-	100	-
HIV1.cut.id_FJ853622.1	203.07	2010.29	1136.36	2300.97	531.91	-	-	-	-	100	-
HIV1.cut.id_FJ864679.1	109.45	77.14	1397.52	10462.18	39.09	-	-	0.0	-	100	-
HIV1.cut.id_FM877777.1	0.0	173.47	619.24	7436.14	0.0	-	-	1314.6	-	100	-
HIV1.cut.id_FM877778.1	0.0	0.0	803.04	2374.41	103.72	-	-	58.06	-	100	-
HIV1.cut.id_FM877779.2	0.0	73.14	1035.07	1003.03	798.47	-	-	0.0	-	100	0.0
HIV1.cut.id_FM877780.1	0.0	0.0	756.76	1359.66	1093.01	-	-	0.0	-	100	-
HIV1.cut.id_FM877781.1	0.0	17.5	1429.6	4809.6	24.9	-	-	659.25	-	100	-
HIV1.cut.id_FM877782.1	164.89	329.07	2108.92	3711.87	201.23	-	-	0.0	-	100	-
HIV1.cut.id_FM877783.1	0.0	0.0	698.84	2019.35	0.0	-	-	0.0	-	100	-
HIV1.cut.id_FN392874.1	663.29	64.61	778.82	4634.02	986.96	-	-	0.0	-	100	0.0
HIV1.cut.id_FN392875.1	660.03	88.65	3302.75	389.71	0.0	-	-	0.0	-	100	0.0
HIV1.cut.id_FN392876.1	295.17	0.0	287.05	1582.99	661.22	-	-	0.0	-	100	0.0
HIV1.cut.id_FN392877.1	633.0	-	-	1668.4	-	-	-	0.0	-	100	-
HIV1.cut.id_FR846408.1	338.39	378.79	1312.7	2313.34	0.0	-	-	-	-	100	-
HIV1.cut.id_FR846409.1	3245.13	0.0	795.19	2642.64	134.8	-	-	577.56	-	100	-
HIV1.cut.id_FR846410.1	8989.63	230.95	3403.57	3331.61	-	-	-	340.37	-	100	-
HIV1.cut.id_GQ175881.1	2248.69	424.4	-	2457.76	0.0	-	-	0.0	-	100	-
HIV1.cut.id_GQ175882.1	258.63	1270.85	-	1185.98	1321.4	-	-	0.0	-	100	-
HIV1.cut.id_GQ175883.1	334.6	738.46	-	2918.07	1607.35	-	-	904.98	-	100	-
HIV1.cut.id_GQ277610.1	77.22	50.81	170.65	4632.79	-	-	-	-	-	100	-
HIV1.cut.id_GQ290462.1	1222.63	813.64	-	1909.06	0.0	-	-	-	-	100	-
HIV1.cut.id_GQ365649.1	629.21	1658.11	-	2425.37	0.0	-	-	-	-	100	-
HIV1.cut.id_GQ365650.1	187.84	0.0	3201.63	6480.42	0.0	-	-	2526.32	-	100	-
HIV1.cut.id_GQ365651.1	314.92	125.44	79.96	1982.29	589.72	-	-	-	-	100	-
HIV1.cut.id_GQ365652.1	844.48	367.74	200.0	4681.32	-	-	-	-	-	100	0.0
HIV1.cut.id_GQ372986.1	0.0	0.0	1820.29	2367.42	126.61	-	-	0.0	-	100	-
HIV1.cut.id_GQ372987.1	899.85	289.79	237.95	1411.96	-	-	-	-	-	100	-
HIV1.cut.id_GQ372988.1	0.0	157.76	-	2173.91	337.63	-	-	0.0	-	100	-
HIV1.cut.id_GQ372989.1	1291.84	403.6	1189.73	3548.33	-	-	-	1049.48	-	100	0.0
HIV1.cut.id_GQ372990.1	190.2	842.3	493.58	965.25	453.96	-	-	0.0	-	100	-
HIV1.cut.id_GQ845124.1	3997.68	636.7	-	3362.2	-	-	-	-	-	100	-
HIV1.cut.id_GQ845125.1	645.53	0.0	3703.7	3156.57	-	-	-	-	-	100	-
HIV1.cut.id_GQ845126.1	308.01	154.2	-	17306.58	-	-	-	-	-	100	-
HIV1.cut.id_GQ999972.1	0.0	0.0	-	287.63	0.0	-	-	-	-	100	-
HIV1.cut.id_GQ999973.1	0.0	212.62	277.59	3458.21	-	-	1785.71	-	-	100	-
HIV1.cut.id_GQ999974.1	632.07	728.25	190.11	2799.43	-	-	-	-	-	100	-
HIV1.cut.id_GQ999975.1	80.69	436.14	-	2331.35	-	-	-	0.0	-	100	-
HIV1.cut.id_GQ999976.1	0.0	0.0	1581.17	2938.71	0.0	-	-	0.0	-	100	-
HIV1.cut.id_GQ999977.1	1045.1	277.48	1829.95	1898.5	0.0	-	-	-	-	100	-
HIV1.cut.id_GQ999978.1	0.0	0.0	-	2322.71	-	-	-	0.0	-	100	-
HIV1.cut.id_GQ999979.1	641.25	258.4	891.18	6227.44	-	-	-	-	-	100	-
HIV1.cut.id_GQ999980.1	44.94	309.52	738.55	3662.42	-	-	-	-	-	100	-
HIV1.cut.id_GQ999981.1	429.28	312.88	-	2176.74	0.0	-	-	1772.53	-	100	-
HIV1.cut.id_GQ999982.1	0.0	71.34	816.1	2613.18	314.66	-	-	0.0	-	100	-
HIV1.cut.id_GQ999983.1	0.0	193.47	573.3	3502.97	0.0	-	-	0.0	-	100	-
HIV1.cut.id_GQ999984.1	0.0	315.66	-	1883.91	-	-	-	-	-	100	-
HIV1.cut.id_GQ999985.1	0.0	0.0	-	3082.28	-	-	-	-	-	100	-
HIV1.cut.id_GQ999986.1	90.72	767.26	1276.36	4098.07	0.0	-	-	-	-	100	-
HIV1.cut.id_GQ999987.1	406.5	72.62	133.51	2244.52	856.63	-	-	-	-	100	-
HIV1.cut.id_GQ999988.1	872.56	79.51	1748.63	2420.44	667.22	-	-	-	-	100	-
HIV1.cut.id_GQ999989.1	1150.31	1886.37	-	6104.33	0.0	-	-	-	-	100	-
HIV1.cut.id_GQ999990.1	1416.34	295.33	913.87	2501.49	-	-	-	-	-	100	-
HIV1.cut.id_GQ999991.1	0.0	1295.22	-	2495.01	316.26	-	-	722.89	-	100	-
HIV1.cut.id_GU111555.1	0.0	69.98	0.0	0.0	0.0	-	-	0.0	-	100	-
HIV1.cut.id_GU177863.1	938.63	-	-	3119.58	0.0	-	-	-	-	100	-
HIV1.cut.id_GU207884.1	664.49	372.96	2789.32	1834.35	0.0	-	-	-	-	100	-
HIV1.cut.id_GU230137.1	71.38	873.62	673.72	4420.35	-	-	-	-	-	100	-
HIV1.cut.id_GU230139.1	2198.69	0.0	344.53	2300.97	-	-	-	4445.32	-	100	-
HIV1.cut.id_GU237072.1	1271.31	0.0	1824.21	574.71	0.0	-	-	0.0	-	100	0.0
HIV1.cut.id_GU362013.1	580.64	0.0	1097.8	4572.23	0.0	-	-	-	-	100	-
HIV1.cut.id_GU595148.1	1706.37	-	-	2866.24	-	-	-	-	-	100	-
HIV1.cut.id_GU595149.1	4867.61	500.0	-	3707.87	0.0	-	-	0.0	-	100	-
HIV1.cut.id_GU595150.1	0.0	-	-	4444.44	-	-	-	-	-	100	-
HIV1.cut.id_GU595151.1	1675.79	2655.89	-	2537.59	-	-	-	-	-	100	-
HIV1.cut.id_GU595152.1	1011.43	3339.88	4500.0	925.45	-	-	-	0.0	-	100	0.0
HIV1.cut.id_GU595153.1	1141.18	1631.7	-	843.88	570.34	-	-	0.0	-	100	0.0
HIV1.cut.id_GU595154.1	0.0	3820.82	188.86	6257.62	0.0	-	-	-	-	100	-
HIV1.cut.id_GU595155.1	2244.14	4176.33	-	3910.61	-	-	-	-	-	100	-
HIV1.cut.id_GU595157.1	2178.5	0.0	0.0	1763.79	514.58	-	-	0.0	-	100	-
HIV1.cut.id_GU595158.1	0.0	3906.25	-	0.0	-	-	-	0.0	-	100	-
HIV1.cut.id_GU595159.1	1037.28	-	-	3731.34	-	-	-	-	-	100	-
HIV1.cut.id_GU647196.1	671.44	-	2051.67	1719.42	-	-	-	-	-	100	-
HIV1.cut.id_GU647197.1	0.0	0.0	1400.29	1690.96	-	-	-	-	-	100	-
HIV1.cut.id_GU647198.1	291.26	0.0	-	2592.91	-	-	-	2785.92	-	100	-
HIV1.cut.id_GU733713.1	2552.2	2434.34	-	1124.0	-	-	-	-	-	100	-
HIV1.cut.id_GU733714.1	-	-	-	2562.46	-	-	-	-	-	100	-
HIV1.cut.id_GU733715.1	217.47	4042.45	-	2507.23	-	-	-	-	-	100	-
HIV1.cut.id_GU733716.1	-	-	-	-	-	-	-	-	-	100	-
HIV1.cut.id_GU733717.1	73.98	54.61	-	-	-	-	-	-	-	100	-
HIV1.cut.id_HM026455.1	0.0	456.4	1109.02	4139.86	981.27	-	-	0.0	-	100	-
HIV1.cut.id_HM026456.1	35.07	0.0	1004.57	3938.73	343.05	-	-	2678.57	-	100	-
HIV1.cut.id_HM026457.1	923.82	684.75	0.0	6695.67	1170.96	-	-	615.17	-	100	-
HIV1.cut.id_HM026458.1	132.3	426.44	1413.66	3571.43	0.0	-	-	0.0	-	100	-
HIV1.cut.id_HM026459.1	961.64	926.12	1512.65	3088.62	0.0	-	-	3403.14	-	100	-
HIV1.cut.id_HM026460.1	38.92	1524.39	3001.79	3771.55	0.0	-	-	275.29	-	100	-
HIV1.cut.id_HM067748.1	0.0	0.0	356.51	933.76	269.85	-	2329.19	0.0	-	100	-
HIV1.cut.id_HM100716.1	476.12	764.66	-	9917.64	-	-	-	3141.09	-	100	-
HIV1.cut.id_HM215249.1	0.0	0.0	1433.37	2508.34	751.58	-	-	1169.25	-	100	-
HIV1.cut.id_HM215250.1	0.0	0.0	-	2687.41	0.0	-	-	-	-	100	-
HIV1.cut.id_HM215251.1	656.38	0.0	3188.1	3281.56	-	-	-	-	-	100	-
HIV1.cut.id_HM215252.1	35.78	680.08	387.25	3184.81	0.0	-	-	0.0	-	100	0.0
HIV1.cut.id_HM469972.1	-	-	-	-	-	-	-	-	-	100	-
HIV1.cut.id_HM469973.1	-	-	-	-	-	-	-	-	-	100	-
HIV1.cut.id_HM469974.1	790.89	-	-	-	-	-	-	-	-	100	-
HIV1.cut.id_HM469975.1	635.32	-	3740.16	-	-	-	-	2597.4	-	100	-
HIV1.cut.id_HM469976.1	2996.85	-	-	-	-	-	-	-	-	100	-
HIV1.cut.id_HM469977.1	1313.29	-	-	-	-	-	-	-	-	100	-
HIV1.cut.id_HM469978.1	288.29	-	3144.65	-	-	-	-	-	-	100	-
HIV1.cut.id_HM469979.1	2814.73	-	-	776.7	0.0	-	-	-	-	100	-
HIV1.cut.id_HM469980.1	515.13	-	-	-	-	-	-	-	-	100	-
HIV1.cut.id_HM469981.1	614.63	-	-	-	-	-	-	-	-	100	-
HIV1.cut.id_HM469982.1	982.85	-	-	3757.58	-	-	-	-	-	100	-
HIV1.cut.id_HM469983.1	623.97	-	-	-	-	-	-	-	-	100	-
HIV1.cut.id_HM776938.1	0.0	0.0	-	2929.6	1373.07	-	-	-	-	100	-
HIV1.cut.id_HM776939.1	1691.75	-	0.0	2674.47	451.9	-	-	-	-	100	-
HIV1.cut.id_JF719818.1	4592.97	-	-	3230.71	1743.12	-	-	-	-	100	-
HIV1.cut.id_JF719819.1	1203.78	2039.33	-	-	-	-	-	-	-	100	-
HIV1.cut.id_JF804805.1	763.91	2047.91	4347.83	2224.74	372.16	-	-	0.0	-	100	-
HIV1.cut.id_JF804806.1	2607.81	22.08	1089.11	2125.11	0.0	-	-	0.0	-	100	-
HIV1.cut.id_JF804807.1	1800.27	0.0	2425.37	2472.04	0.0	-	-	0.0	-	100	-
HIV1.cut.id_JF804808.1	0.0	947.25	890.61	2909.48	0.0	-	-	-	-	100	-
HIV1.cut.id_JF804809.1	2031.78	80.08	779.22	1596.81	1312.06	-	-	-	-	100	-
HIV1.cut.id_JF804810.1	45.83	1650.65	-	3923.08	585.65	-	-	0.0	-	100	-
HIV1.cut.id_JF804811.1	530.59	165.36	2495.7	1400.89	-	-	-	-	-	100	-
HIV1.cut.id_JF804812.1	0.0	1258.1	909.09	4314.06	0.0	-	-	-	-	100	-
HIV1.cut.id_JF804813.1	2005.76	0.0	2185.0	3909.87	0.0	-	-	-	-	100	-
HIV1.cut.id_JF804814.1	0.0	26.9	2262.12	1965.92	0.0	-	-	-	-	100	0.0
HIV1.cut.id_JN188292.1	806.73	0.0	2596.15	4398.38	0.0	-	-	-	-	100	-
HIV1.cut.id_JN230353.1	6544.93	638.45	528.94	3575.42	585.37	-	-	3669.72	-	100	-
HIV1.cut.id_JN571034.1	0.0	572.5	1361.09	5352.0	376.41	-	0.0	0.0	-	100	-
HIV1.cut.id_JN860761.1	332.84	-	-	6071.79	-	-	-	-	-	100	-
HIV1.cut.id_JN860762.1	2056.74	1143.71	678.22	1652.23	158.98	-	-	0.0	-	100	-
HIV1.cut.id_JN860763.1	1013.02	639.52	-	4102.56	-	-	-	0.0	-	100	-
HIV1.cut.id_JN860764.1	0.0	0.0	-	4535.84	-	-	-	-	-	100	-
HIV1.cut.id_JN860765.1	0.0	603.84	1504.95	3800.22	0.0	-	-	-	-	100	-
HIV1.cut.id_JN860766.1	1055.65	142.59	-	3966.79	281.43	-	-	1057.53	-	100	-
HIV1.cut.id_JN860767.1	1835.65	0.0	0.0	3201.02	-	-	-	-	-	100	0.0
HIV1.cut.id_JN860768.1	57.3	1004.91	-	4630.54	-	-	-	-	-	100	-
HIV1.cut.id_JN860769.1	34.66	1191.29	1369.86	3053.44	0.0	-	-	-	-	100	-
HIV1.cut.id_JQ316126.1	0.0	0.0	231.48	2795.27	231.3	-	-	-	-	100	-
HIV1.cut.id_JQ316127.2	0.0	135.59	443.26	1088.44	492.37	-	-	-	-	100	-
HIV1.cut.id_JQ316128.1	0.0	0.0	2896.02	4367.42	597.01	-	-	-	-	100	-
HIV1.cut.id_JQ316129.1	395.19	1746.07	-	3689.06	-	-	-	-	-	100	-
HIV1.cut.id_JQ316130.1	2937.0	0.0	0.0	4844.79	1326.39	-	-	-	-	100	-
HIV1.cut.id_JQ316131.1	1592.09	-	84.89	3359.63	0.0	-	-	-	-	100	-
HIV1.cut.id_JQ316132.1	1472.41	85.59	1993.8	3354.3	0.0	-	-	-	-	100	-
HIV1.cut.id_JQ316133.1	1713.03	0.0	274.6	247.16	154.85	-	-	0.0	-	100	-
HIV1.cut.id_JQ316134.1	1690.65	0.0	492.31	1057.4	-	-	-	-	-	100	-
HIV1.cut.id_JQ316135.1	2229.26	2543.57	0.0	6941.6	280.5	-	-	-	-	100	-
HIV1.cut.id_JQ316136.1	1431.72	184.16	-	-	939.6	-	-	455.24	-	100	-
HIV1.cut.id_JQ316137.1	713.59	1183.43	166.53	3462.16	-	-	-	-	-	100	-
HIV1.cut.id_JQ316138.1	1366.51	-	-	1101.32	-	-	-	-	-	100	-
HIV1.cut.id_JQ341411.1	219.95	1206.11	489.13	2175.49	1427.87	-	-	-	-	100	-
HIV1.cut.id_JQ429433.2	1469.25	0.0	-	5076.31	1234.06	-	-	2597.4	-	100	-
HIV1.cut.id_JX503071.1	390.74	-	-	2769.59	-	-	-	2348.34	-	100	-
HIV1.cut.id_JX503072.1	1022.65	950.12	2051.28	6409.87	-	-	-	-	-	100	-
HIV1.cut.id_JX503073.1	4646.88	-	4811.0	-	-	-	-	-	-	100	-
HIV1.cut.id_JX503074.1	1636.66	-	-	3703.7	809.72	-	-	-	-	100	-
HIV1.cut.id_JX503075.1	1524.19	340.41	0.0	4428.61	-	-	-	-	-	100	-
HIV1.cut.id_JX503076.1	3029.76	-	-	-	-	-	-	-	-	100	-
HIV1.cut.id_JX503077.1	3003.46	-	-	7438.84	-	-	-	-	-	100	-
HIV1.cut.id_JX503078.1	472.99	0.0	391.64	1887.44	188.32	-	-	138.6	-	100	-
HIV1.cut.id_JX503080.1	2589.6	905.14	-	3409.09	-	-	-	-	-	100	-
HIV1.cut.id_JX503081.1	778.28	-	-	3218.75	-	-	-	-	-	100	-
HIV1.cut.id_JX503082.1	582.75	-	-	6771.42	-	-	-	-	-	100	-
HIV1.cut.id_JX503083.1	2505.34	-	-	420.67	-	-	-	-	-	100	-
HIV1.cut.id_JX574661.1	1407.24	0.0	-	3786.64	-	-	-	-	-	100	-
HIV1.cut.id_JX574662.1	1229.05	1379.87	-	3672.43	-	-	-	0.0	-	100	-
HIV1.cut.id_JX574663.1	2090.59	0.0	-	2316.13	181.82	-	-	-	-	100	-
HIV1.cut.id_K02007.1	322.11	0.0	-	4132.41	-	-	-	-	-	100	-
HIV1.cut.id_K02013.1	3678.08	-	-	8718.59	4605.26	-	-	-	-	100	-
HIV1.cut.id_K02083.1	516.11	-	-	2764.98	-	-	-	-	-	100	-
HIV1.cut.id_K03454.1	-	-	2505.87	1915.32	-	-	-	-	-	100	-
HIV1.cut.id_K03455.1	-	-	-	1769.91	-	-	-	-	-	100	-
HIV1.cut.id_KC156114.1	412.94	0.0	1596.4	25449.3	0.0	-	-	-	-	100	-
HIV1.cut.id_KC156115.1	20.15	0.0	1185.05	5040.65	-	-	-	-	-	100	-
HIV1.cut.id_KC156116.1	1557.36	3904.56	-	2005.6	360.49	-	-	-	-	100	-
HIV1.cut.id_KC156117.1	843.56	-	-	1055.81	-	-	-	-	-	100	-
HIV1.cut.id_KC156118.1	703.82	1772.0	-	5361.84	503.96	-	-	-	-	100	-
HIV1.cut.id_KC156119.1	1043.73	611.19	-	-	-	-	-	1008.74	-	100	-
HIV1.cut.id_KC156120.1	1661.9	108.93	513.15	2638.28	1146.13	-	-	-	-	100	-
HIV1.cut.id_KC156121.1	2127.27	-	-	6970.67	-	-	-	-	-	100	-
HIV1.cut.id_KC156122.1	872.16	-	-	2120.72	-	-	-	-	-	100	-
HIV1.cut.id_KC156123.1	1673.46	93.72	-	-	-	-	-	72.2	-	100	-
HIV1.cut.id_KC156124.1	-	53.82	3166.67	2298.26	-	-	-	-	-	100	-
HIV1.cut.id_KC156125.1	0.0	1091.27	-	2885.57	-	-	-	-	-	100	-
HIV1.cut.id_KC156126.1	0.0	65.79	0.0	2143.62	0.0	-	-	-	-	100	-
HIV1.cut.id_KC156127.1	466.06	31.54	-	1279.1	0.0	-	-	-	-	100	-
HIV1.cut.id_KC156128.1	321.72	0.0	1159.3	730.82	1115.76	-	-	-	-	100	-
HIV1.cut.id_KC156129.1	1386.36	22.81	1043.07	3231.52	791.37	-	-	-	-	100	-
HIV1.cut.id_KC156130.1	0.0	390.7	-	2245.81	-	-	-	-	-	100	-
HIV1.cut.id_KC156210.1	0.0	0.0	807.04	3294.17	1476.38	-	-	-	-	100	-
HIV1.cut.id_KC156211.1	1015.46	0.0	418.41	1188.86	0.0	-	-	-	-	100	-
HIV1.cut.id_KC156212.1	32.84	632.41	1184.91	5144.45	210.67	-	-	0.0	-	100	-
HIV1.cut.id_KC156213.1	0.0	477.95	600.46	8331.72	0.0	-	-	0.0	-	100	-
HIV1.cut.id_KC156214.1	834.33	367.99	-	2241.66	1339.05	-	-	232.02	-	100	-
HIV1.cut.id_KC156215.1	0.0	0.0	-	8316.27	0.0	-	-	-	-	100	-
HIV1.cut.id_KC156216.1	229.8	4895.1	-	-	-	-	-	-	-	100	-
HIV1.cut.id_KC156217.1	326.45	1835.8	-	3284.85	-	-	-	3556.77	-	100	-
HIV1.cut.id_KC156218.1	0.0	1433.26	1559.58	1247.17	1166.73	-	-	-	-	100	-
HIV1.cut.id_KC156219.1	0.0	997.28	232.67	3215.11	-	-	-	-	-	100	-
HIV1.cut.id_KC156220.1	1280.35	978.08	177.07	3715.43	0.0	-	-	-	-	100	-
HIV1.cut.id_KC156221.1	109.9	161.48	2413.97	1224.58	-	-	-	0.0	-	100	-
HIV1.cut.id_KC492737.1	161.1	-	-	-	-	-	-	-	-	100	-
HIV1.cut.id_KC492738.1	0.0	-	-	3981.48	-	-	-	-	-	100	-
HIV1.cut.id_KC503852.1	7502.37	-	172.71	-	-	-	-	-	-	100	-
HIV1.cut.id_KC503853.1	-	-	-	2597.4	-	-	-	-	-	100	-
HIV1.cut.id_KC503854.1	-	-	-	3753.35	0.0	-	-	-	-	100	-
HIV1.cut.id_KC503855.1	84.96	-	-	4184.1	-	-	-	-	-	100	-
HIV1.cut.id_KC522031.1	2250.7	1916.67	-	1637.76	-	-	-	-	-	100	-
HIV1.cut.id_KC522032.1	384.32	2669.21	-	5412.19	-	-	-	-	-	100	-
HIV1.cut.id_KC522033.1	3306.63	1973.93	-	3623.19	-	-	-	-	-	100	-
HIV1.cut.id_KC522034.1	3044.26	-	-	2033.9	-	-	-	688.47	-	100	-
HIV1.cut.id_KC852172.1	191.2	287.67	2668.36	13145.22	829.13	-	-	684.15	-	100	-
HIV1.cut.id_KC852173.1	779.59	-	-	4172.88	-	-	-	-	-	100	153.26
HIV1.cut.id_KC852174.1	1770.7	212.77	-	4519.58	2119.82	-	-	-	-	100	-
HIV1.cut.id_KC898975.1	1053.83	350.47	1452.78	2274.84	-	-	3603.6	-	-	100	-
HIV1.cut.id_KC898976.1	226.22	544.0	-	7252.04	-	-	-	-	-	100	-
HIV1.cut.id_KC898977.1	157.14	0.0	278.16	4080.0	1928.02	-	-	-	-	100	-
HIV1.cut.id_KC898978.1	991.28	703.06	175.82	2685.09	-	-	-	-	-	100	-
HIV1.cut.id_KC898979.1	0.0	0.0	92.72	10452.42	0.0	-	-	-	-	100	-
HIV1.cut.id_KC898981.1	322.0	0.0	448.3	6833.05	0.0	-	-	-	-	100	-
HIV1.cut.id_KC898982.1	517.78	1895.73	-	6863.68	-	-	-	-	-	100	-
HIV1.cut.id_KC898983.1	1195.68	2653.06	-	3231.49	-	-	-	0.0	-	100	-
HIV1.cut.id_KC898984.1	514.4	129.59	-	408.16	-	-	-	-	-	100	-
HIV1.cut.id_KC898985.1	192.61	0.0	0.0	1741.22	-	-	-	0.0	-	100	-
HIV1.cut.id_KC898986.1	0.0	499.69	-	3472.6	-	-	-	-	-	100	-
HIV1.cut.id_KC898987.1	247.41	1082.02	2880.66	2659.11	816.33	-	-	-	-	100	48.74
HIV1.cut.id_KC898988.1	0.0	921.66	714.92	5645.88	0.0	-	-	-	-	100	-
HIV1.cut.id_KC898989.1	93.21	0.0	677.29	1866.25	-	-	-	3380.28	-	100	-
HIV1.cut.id_KC898990.1	476.64	-	0.0	-	-	-	-	-	-	100	-
HIV1.cut.id_KC898991.1	0.0	805.15	937.5	4115.68	-	-	-	-	-	100	-
HIV1.cut.id_KC898992.1	336.62	0.0	1472.39	3383.86	-	-	-	-	-	100	-
HIV1.cut.id_KC898993.1	0.0	675.89	2380.95	6362.85	2028.99	-	-	3293.69	-	100	-
HIV1.cut.id_KC898994.1	0.0	0.0	1366.32	3188.1	0.0	-	-	-	-	100	-
HIV1.cut.id_KC898995.1	0.0	0.0	-	3346.83	0.0	-	-	-	-	100	-
HIV1.cut.id_KC898996.1	0.0	778.88	72.31	170.07	1290.76	-	-	-	-	100	-
HIV1.cut.id_KC899006.1	459.31	49.19	2734.89	5372.29	-	-	-	-	-	100	-
HIV1.cut.id_KC899007.1	22.68	105.93	2401.3	4223.94	1553.67	-	-	-	-	100	-
HIV1.cut.id_KC899008.1	672.77	32.27	1799.62	2233.25	269.72	-	-	-	-	100	-
HIV1.cut.id_KC899009.1	1035.5	0.0	-	4145.52	4761.9	-	-	-	-	100	-
HIV1.cut.id_KC899010.1	0.0	379.65	0.0	4137.07	0.0	-	-	0.0	-	100	-
HIV1.cut.id_KC899011.1	254.17	61.69	835.8	804.95	0.0	-	-	0.0	-	100	-
HIV1.cut.id_KC899012.1	71.85	661.94	-	1471.73	0.0	-	-	0.0	-	100	-
HIV1.cut.id_KC899013.1	0.0	618.24	1474.2	3592.28	-	-	-	-	-	100	-
HIV1.cut.id_KC899014.1	0.0	588.44	-	2751.32	-	-	-	0.0	-	100	-
HIV1.cut.id_KC899015.1	0.0	0.0	3382.19	2417.07	270.11	-	-	-	-	100	-
HIV1.cut.id_KC914396.1	974.95	-	-	5522.68	-	-	-	2905.34	-	100	-
HIV1.cut.id_KC935957.1	232.19	0.0	-	2629.76	-	-	-	-	-	100	-
HIV1.cut.id_KC935958.1	450.25	951.81	0.0	37861.64	224.22	-	-	-	-	100	-
HIV1.cut.id_KC935959.1	360.03	64.08	693.48	2066.73	0.0	-	-	-	-	100	-
HIV1.cut.id_KF234628.1	0.0	0.0	128.37	2886.6	-	-	-	-	-	100	-
HIV1.cut.id_KF425293.1	4207.64	-	-	2976.85	1127.82	-	-	-	-	100	-
HIV1.cut.id_KF766537.1	-	290.25	764.01	1224.94	0.0	-	-	-	-	100	-
HIV1.cut.id_KF766538.1	22.18	-	-	1919.39	-	-	-	-	-	100	-
HIV1.cut.id_KF766539.1	-	3743.32	882.03	3563.56	-	-	-	-	-	100	-
HIV1.cut.id_KF766540.1	1587.13	395.99	1160.26	4129.6	-	-	-	-	-	100	-
HIV1.cut.id_KF766541.1	1965.55	1476.01	1579.59	9944.75	-	-	-	-	-	100	-
HIV1.cut.id_KF766542.1	907.22	195.69	-	1412.43	0.0	-	-	-	-	100	-
HIV1.cut.id_KF990605.1	318.33	-	1295.05	-	-	-	-	-	-	100	-
HIV1.cut.id_KF990606.1	1707.47	-	-	2839.12	-	-	-	-	-	100	-
HIV1.cut.id_KF990607.1	-	246.15	-	878.48	-	-	-	-	-	100	-
HIV1.cut.id_KF990608.1	0.0	2177.86	1009.11	1139.96	0.0	-	-	0.0	-	100	-
HIV1.cut.id_KJ704797.1	2835.18	2748.69	2886.25	12026.97	-	-	4711.25	-	-	100	-
HIV1.cut.id_KJ925006.1	1691.01	-	-	7142.86	-	-	-	-	-	100	-
HIV1.cut.id_KM390026.1	1459.14	-	-	-	-	-	-	-	-	100	-
HIV1.cut.id_KM438031.1	3475.49	-	-	2941.18	-	-	-	-	-	100	-
HIV1.cut.id_KM438032.1	880.5	4891.3	1815.11	1940.61	134.41	-	-	-	-	100	-
HIV1.cut.id_KP170487.1	54.92	1229.05	288.18	6079.4	0.0	-	-	0.0	-	100	-
HIV1.cut.id_KP718914.1	0.0	0.0	1381.97	4840.21	519.71	-	-	2058.82	-	100	-
HIV1.cut.id_KP718915.1	303.44	981.71	1207.06	2220.0	307.34	-	-	729.23	-	100	-
HIV1.cut.id_KP718916.1	330.94	0.0	189.97	1389.14	0.0	-	-	0.0	-	100	-
HIV1.cut.id_KP718917.1	0.0	623.33	1077.2	2544.22	46.88	-	-	1169.8	-	100	-
HIV1.cut.id_KP718918.1	0.0	0.0	1198.03	2542.03	833.87	-	-	0.0	-	100	-
HIV1.cut.id_KP718919.1	0.0	549.55	776.05	5787.16	364.24	-	-	2168.32	-	100	-
HIV1.cut.id_KP718920.1	0.0	3016.49	737.33	1248.39	0.0	-	-	0.0	-	100	-
HIV1.cut.id_KP718921.1	0.0	108.34	0.0	1973.98	764.82	-	-	1612.9	-	100	-
HIV1.cut.id_KP718922.1	178.47	0.0	2879.49	5581.22	0.0	-	-	0.0	-	100	-
HIV1.cut.id_KP718923.1	0.0	190.99	499.78	904.39	0.0	-	-	673.92	-	100	-
HIV1.cut.id_KP718924.1	0.0	0.0	1779.76	1566.58	0.0	-	-	0.0	-	100	-
HIV1.cut.id_KP718925.1	0.0	17.68	1740.53	2607.05	0.0	-	-	0.0	-	100	-
HIV1.cut.id_KP718926.1	0.0	0.0	413.32	3639.05	170.47	-	-	0.0	-	100	-
HIV1.cut.id_KP718927.1	0.0	0.0	1876.68	2005.87	62.52	-	-	0.0	-	100	-
HIV1.cut.id_KP718928.1	1025.13	0.0	344.27	2008.69	0.0	-	-	1230.86	-	100	-
HIV1.cut.id_KP718929.1	0.0	335.36	781.46	10841.75	102.23	-	-	0.0	-	100	-
HIV1.cut.id_KP718930.1	0.0	163.25	2285.71	4908.14	0.0	-	-	0.0	-	100	-
HIV1.cut.id_KP718931.1	235.19	0.0	1483.02	2328.01	0.0	-	-	0.0	-	100	0.0
HIV1.cut.id_KP718932.1	796.99	154.36	951.16	3413.23	1206.17	-	-	0.0	-	100	-
HIV1.cut.id_KP718933.1	0.0	0.0	2337.16	1585.6	0.0	-	-	0.0	-	100	-
HIV1.cut.id_KP718934.1	11.05	186.22	1456.17	5331.65	159.87	-	-	0.0	-	100	-
HIV1.cut.id_KP718935.1	0.0	287.55	543.9	2332.06	96.17	-	-	0.0	-	100	-
HIV1.cut.id_KP718936.1	969.59	49.0	1744.94	2785.59	343.56	-	-	0.0	-	100	-
HIV1.cut.id_KP718937.1	662.69	555.35	1357.9	10827.92	0.0	-	-	0.0	-	100	-
HIV1.cut.id_KP718938.1	5066.64	486.82	658.42	2823.16	0.0	-	-	41.6	-	100	-
HIV1.cut.id_KT022360.1	0.0	108.54	2352.1	1859.43	78.17	-	-	-	-	100	-
HIV1.cut.id_KT022361.1	195.74	95.82	602.02	3733.16	708.47	-	-	3847.62	-	100	-
HIV1.cut.id_KT022362.1	1825.86	528.46	-	2544.13	-	-	-	-	-	100	-
HIV1.cut.id_KT022363.1	333.33	457.4	1093.14	1952.17	0.0	-	-	0.0	-	100	-
HIV1.cut.id_KT022364.1	0.0	646.35	1195.05	3783.05	0.0	-	-	0.0	-	100	-
HIV1.cut.id_KT022365.1	0.0	636.15	746.27	2129.44	0.0	-	-	0.0	-	100	-
HIV1.cut.id_KT022366.1	0.0	0.0	-	2194.03	0.0	-	-	-	-	100	-
HIV1.cut.id_KT022367.1	0.0	247.32	680.52	3086.1	94.01	-	-	1261.13	-	100	-
HIV1.cut.id_KT022368.1	0.0	0.0	904.55	4468.58	0.0	-	-	0.0	-	100	0.0
HIV1.cut.id_KT022369.1	275.23	1515.8	1296.8	3118.91	915.63	-	-	-	-	100	-
HIV1.cut.id_KT022370.1	0.0	0.0	1562.09	2903.77	183.7	-	-	1951.67	-	100	-
HIV1.cut.id_KT022371.1	46.17	0.0	198.48	4344.44	0.0	-	-	0.0	-	100	-
HIV1.cut.id_KT022372.1	0.0	0.0	259.16	999.26	0.0	-	-	301.66	-	100	-
HIV1.cut.id_KT022373.1	539.36	21.87	435.48	1604.94	0.0	-	-	2900.55	-	100	-
HIV1.cut.id_KT022374.1	0.0	0.0	1894.67	5964.39	1031.27	-	-	2746.46	-	100	-
HIV1.cut.id_KT022375.1	0.0	51.58	2900.03	2996.45	0.0	-	-	0.0	-	100	-
HIV1.cut.id_KT022376.1	172.08	391.68	681.82	2853.03	136.33	-	-	-	-	100	-
HIV1.cut.id_KT022377.1	1337.3	0.0	774.79	3926.44	0.0	-	-	0.0	-	100	-
HIV1.cut.id_KT022378.1	211.08	54.56	392.85	2130.99	0.0	-	-	0.0	-	100	-
HIV1.cut.id_KT022379.1	1905.52	849.19	785.89	4827.75	1277.9	-	-	-	-	100	-
HIV1.cut.id_KT022380.1	5252.29	0.0	967.61	2055.03	191.43	-	-	486.91	-	100	-
HIV1.cut.id_KT022381.1	0.0	78.81	276.72	9830.98	0.0	-	-	0.0	-	100	-
HIV1.cut.id_KT022382.1	1626.3	41.31	2161.73	4177.43	49.88	-	-	250.35	-	100	-
HIV1.cut.id_KT022383.1	0.0	613.73	2288.91	3057.36	207.22	-	-	0.0	-	100	-
HIV1.cut.id_KT022384.1	-	-	-	3125.57	41.02	-	-	100.0	-	100	-
HIV1.cut.id_KT022385.1	1325.26	974.7	1879.56	1260.24	0.0	-	4175.37	0.0	-	100	-
HIV1.cut.id_KT022386.1	0.0	0.0	905.92	2720.74	222.98	-	-	41.43	-	100	-
HIV1.cut.id_KT022387.1	0.0	484.53	200.46	2861.26	0.0	-	-	-	-	100	-
HIV1.cut.id_KT022388.1	412.64	1528.93	999.74	2895.93	58.64	-	-	0.0	-	100	-
HIV1.cut.id_KT022389.1	0.0	0.0	1648.64	1558.6	0.0	-	-	2488.83	-	100	-
HIV1.cut.id_KT022390.1	0.0	86.81	2008.76	2161.1	0.0	-	-	1881.33	-	100	-
HIV1.cut.id_KT022391.1	2296.6	0.0	1786.58	6168.5	0.0	-	-	0.0	-	100	-
HIV1.cut.id_KT022392.1	0.0	2265.54	-	1452.28	52.04	-	-	0.0	-	100	-
HIV1.cut.id_KT022393.1	0.0	744.02	1764.56	1678.05	0.0	-	-	-	-	100	-
HIV1.cut.id_KT022394.1	0.0	0.0	1826.55	517.21	320.86	-	-	43.35	-	100	-
HIV1.cut.id_KT022395.1	0.0	640.9	1285.35	1870.38	307.69	-	-	641.37	-	100	-
HIV1.cut.id_KT022396.1	1803.35	0.0	1280.52	7233.5	35.79	-	-	3153.99	-	100	-
HIV1.cut.id_KT022397.1	0.0	152.52	1127.48	8137.19	92.25	-	-	0.0	-	100	-
HIV1.cut.id_KT022398.1	768.26	0.0	2369.96	2607.2	23.21	-	-	0.0	-	100	-
HIV1.cut.id_KT022399.1	161.23	1573.36	1192.75	300.7	281.01	-	-	167.86	-	100	-
HIV1.cut.id_KT022400.1	0.0	370.83	1584.07	4389.37	95.56	-	-	708.01	-	100	-
HIV1.cut.id_KT022401.1	0.0	139.91	939.28	2382.19	444.7	-	-	-	-	100	-
HIV1.cut.id_KT022402.1	0.0	543.24	1981.71	4792.52	0.0	-	-	1137.17	-	100	0.0
HIV1.cut.id_KT022403.1	0.0	122.76	1087.36	2462.61	89.65	-	-	0.0	-	100	0.0
HIV1.cut.id_KT022404.1	229.04	0.0	2000.0	2051.82	211.27	-	-	-	-	100	-
HIV1.cut.id_KT022405.1	0.0	1334.53	1396.07	590.65	21.45	-	-	0.0	-	100	-
HIV1.cut.id_KT022406.1	0.0	42.9	2360.55	2390.56	21.46	-	-	0.0	-	100	0.0
HIV1.cut.id_KT022407.1	0.0	260.82	1833.57	1323.32	0.0	-	2365.31	0.0	-	100	-
HIV1.cut.id_KT022408.1	0.0	0.0	1064.25	3593.06	428.52	-	-	-	-	100	-
HIV1.cut.id_KT022409.1	824.84	236.66	1680.06	1766.15	26.54	-	-	0.0	-	100	-
HIV1.cut.id_KT022410.1	0.0	271.58	768.79	1983.24	0.0	-	-	302.11	-	100	-
HIV1.cut.id_KT022411.1	149.46	1197.71	472.38	4824.91	0.0	-	-	-	-	100	-
HIV1.cut.id_KT022412.1	0.0	250.71	226.76	3256.88	0.0	-	-	519.93	-	100	-
HIV1.cut.id_KT022413.1	0.0	1339.92	164.07	1965.89	691.84	-	-	1298.7	-	100	-
HIV1.cut.id_KT022414.1	1761.81	0.0	1232.31	2154.81	0.0	-	-	0.0	-	100	-
HIV1.cut.id_KT022415.1	0.0	547.17	1122.16	1880.3	202.5	-	-	-	-	100	-
HIV1.cut.id_KT022416.1	0.0	0.0	2136.86	506.73	0.0	-	-	0.0	-	100	-
HIV1.cut.id_KT022417.1	0.0	0.0	74.79	2148.23	0.0	-	-	0.0	-	100	-
HIV1.cut.id_KT200348.1	479.06	0.0	-	2820.96	-	-	-	-	-	100	-
HIV1.cut.id_KT200349.1	0.0	577.1	489.0	2195.47	116.14	-	-	1877.35	-	100	-
HIV1.cut.id_KT200350.1	1090.99	93.59	1340.11	3902.73	0.0	-	-	-	-	100	-
HIV1.cut.id_KT200351.1	102.08	918.3	1659.94	3396.95	3192.64	-	-	-	-	100	-
HIV1.cut.id_KT200352.1	0.0	1184.04	-	3438.4	0.0	-	-	-	-	100	-
HIV1.cut.id_KT200353.1	0.0	2118.21	-	3676.15	0.0	-	-	1940.24	-	100	-
HIV1.cut.id_KT200354.1	0.0	0.0	0.0	1647.83	0.0	-	-	0.0	-	100	-
HIV1.cut.id_KT200355.1	0.0	254.71	-	3218.62	0.0	-	-	-	-	100	-
HIV1.cut.id_KT200356.1	0.0	822.15	-	3558.43	0.0	-	-	-	-	100	-
HIV1.cut.id_KT200357.1	0.0	241.35	2157.36	3074.36	1344.09	-	-	-	-	100	-
HIV1.cut.id_KT200358.1	0.0	80.55	1554.4	1115.79	0.0	-	-	0.0	-	100	-
HIV1.cut.id_KT259308.1	201.82	-	-	-	-	-	-	-	-	100	-
HIV1.cut.id_KT259309.1	2074.19	-	-	4570.64	-	-	-	-	-	100	-
HIV1.cut.id_KT259310.1	-	-	-	-	-	-	-	-	-	100	-
HIV1.cut.id_KT259311.1	244.5	-	-	-	-	-	-	-	-	100	-
HIV1.cut.id_KT259312.1	4156.01	-	-	-	-	-	-	-	-	100	-
HIV1.cut.id_KT259313.1	621.12	-	-	4121.48	-	-	-	-	-	100	-
HIV1.cut.id_KT259314.1	1040.29	-	3703.7	2285.71	1801.8	-	-	-	-	100	-
HIV1.cut.id_KT259315.1	2066.84	-	-	-	-	-	-	-	-	100	-
HIV1.cut.id_KT259316.1	1615.22	-	-	3255.81	-	-	3967.17	-	-	100	-
HIV1.cut.id_KT259317.1	437.06	-	-	-	-	-	-	-	-	100	-
HIV1.cut.id_KT259318.1	1773.71	-	-	3787.88	-	-	-	-	-	100	-
HIV1.cut.id_KT259319.1	1861.7	-	-	-	3546.1	-	-	-	-	100	-
HIV1.cut.id_KT284371.1	-	-	-	-	-	-	-	-	-	100	-
HIV1.cut.id_KT284372.1	614.2	-	-	4319.37	-	-	-	-	-	100	-
HIV1.cut.id_KT284373.1	-	-	-	-	-	-	-	-	-	100	-
HIV1.cut.id_KT284374.1	504.48	-	-	2055.06	-	-	-	-	-	100	-
HIV1.cut.id_KT284375.1	5646.5	300.3	1265.82	2053.71	-	-	-	-	-	100	-
HIV1.cut.id_KT284376.1	683.5	-	-	1588.98	-	-	-	-	-	100	-
HIV1.cut.id_KT284377.1	-	365.3	-	4466.73	734.09	-	-	-	-	100	-
HIV1.cut.id_KT284378.1	109.7	-	-	4457.23	-	-	-	-	-	100	-
HIV1.cut.id_KT372798.1	1228.72	0.0	-	-	-	-	-	-	-	100	-
HIV1.cut.id_KT427649.1	504.69	1448.34	1921.02	4155.63	2533.53	-	-	0.0	-	100	-
HIV1.cut.id_KT427650.1	0.0	565.83	0.0	2858.97	0.0	-	-	129.87	-	100	-
HIV1.cut.id_KT427651.1	0.0	462.87	-	5909.75	679.69	-	-	273.79	-	100	-
HIV1.cut.id_KT427670.1	0.0	439.37	1757.94	3641.63	64.31	-	-	0.0	-	100	0.0
HIV1.cut.id_KT427671.1	334.99	340.2	0.0	3447.66	1088.65	-	-	-	-	100	-
HIV1.cut.id_KT427674.1	1777.19	152.73	3031.06	4794.31	0.0	-	-	-	-	100	0.0
HIV1.cut.id_KT427675.1	2258.7	0.0	2157.89	5598.46	0.0	-	-	-	-	100	-
HIV1.cut.id_KT427676.1	919.46	257.16	-	2200.22	0.0	-	-	-	-	100	-
HIV1.cut.id_KT427692.1	3004.82	255.54	1821.19	2671.42	2120.14	-	-	1130.43	-	100	-
HIV1.cut.id_KT427698.1	0.0	346.34	432.28	3361.96	191.0	-	-	0.0	-	100	-
HIV1.cut.id_KT427699.1	4740.57	0.0	-	2202.76	0.0	-	-	0.0	-	100	-
HIV1.cut.id_KT427700.1	0.0	127.02	616.33	3973.68	1423.49	-	-	-	-	100	-
HIV1.cut.id_KT427701.1	522.81	2040.82	465.98	2594.81	-	-	-	-	-	100	-
HIV1.cut.id_KT427705.1	732.93	0.0	979.59	2231.24	-	-	-	-	-	100	-
HIV1.cut.id_KT427706.1	576.67	1391.8	-	3192.28	2663.93	-	-	-	-	100	-
HIV1.cut.id_KT427708.1	0.0	751.17	0.0	2575.42	-	-	-	-	-	100	-
HIV1.cut.id_KT427709.1	0.0	179.56	-	2180.48	1987.95	-	-	-	-	100	-
HIV1.cut.id_KT427711.1	137.03	203.8	1714.13	1495.47	700.74	-	-	0.0	-	100	-
HIV1.cut.id_KT427715.1	1689.73	450.82	3291.38	4028.96	0.0	-	-	1538.46	-	100	-
HIV1.cut.id_KT427716.1	0.0	0.0	145.52	3584.23	140.06	-	1449.28	100.77	-	100	-
HIV1.cut.id_KT427717.1	0.0	986.16	1673.94	3139.58	325.25	-	-	0.0	-	100	-
HIV1.cut.id_KT427718.1	756.63	1615.38	827.21	6929.61	0.0	-	-	-	-	100	-
HIV1.cut.id_KT427719.1	3128.24	1141.84	246.91	30517.55	-	-	-	4278.07	-	100	-
HIV1.cut.id_KT427720.1	386.33	0.0	173.76	9493.36	246.51	-	-	-	-	100	-
HIV1.cut.id_KT427721.1	1240.99	162.6	1149.43	2616.95	0.0	-	-	424.4	-	100	-
HIV1.cut.id_KT427722.1	3331.08	2558.25	2513.23	1461.99	0.0	-	-	-	-	100	-
HIV1.cut.id_KT427723.1	1112.83	2144.85	-	5576.42	-	-	-	3829.79	-	100	-
HIV1.cut.id_KT427724.1	11.38	0.0	1403.22	1516.66	318.18	-	-	367.2	-	100	-
HIV1.cut.id_KT427725.1	242.66	300.08	-	841.4	0.0	-	-	-	-	100	-
HIV1.cut.id_KT427726.1	430.7	476.84	-	-	0.0	-	-	-	-	100	-
HIV1.cut.id_KT427727.1	247.43	0.0	-	962.86	-	-	-	-	-	100	-
HIV1.cut.id_KT427728.1	325.35	0.0	1043.96	2310.33	0.0	-	-	-	-	100	-
HIV1.cut.id_KT427729.1	6272.32	-	-	4011.98	-	-	-	-	-	100	-
HIV1.cut.id_KT427730.1	243.52	0.0	211.12	4034.06	0.0	-	-	-	-	100	-
HIV1.cut.id_KT427731.1	303.35	1796.41	99.11	3269.75	-	-	-	-	-	100	-
HIV1.cut.id_KT427732.1	1151.78	1694.92	-	6717.85	-	-	-	0.0	-	100	-
HIV1.cut.id_KT427733.1	0.0	792.37	2938.03	711.74	0.0	-	-	-	-	100	-
HIV1.cut.id_KT427734.1	3122.8	794.7	1239.35	4685.14	569.93	-	-	-	-	100	-
HIV1.cut.id_KT427735.1	587.74	0.0	-	1699.24	-	-	-	-	-	100	-
HIV1.cut.id_KT427736.1	0.0	0.0	520.43	3242.73	0.0	-	-	-	-	100	-
HIV1.cut.id_KT427737.1	0.0	65.72	1235.33	3616.97	0.0	-	-	0.0	-	100	-
HIV1.cut.id_KT427738.1	0.0	139.28	1979.41	1624.5	86.66	-	-	0.0	-	100	0.0
HIV1.cut.id_KT427739.1	6111.44	642.36	2243.59	3988.6	0.0	-	-	2359.35	-	100	-
HIV1.cut.id_KT427740.1	4521.49	526.9	2178.56	13869.58	74.85	-	-	-	-	100	-
HIV1.cut.id_KT427741.1	303.53	504.63	-	1275.33	1851.85	-	-	1305.29	-	100	-
HIV1.cut.id_KT427742.1	708.26	0.0	1830.33	2124.04	643.6	-	-	-	-	100	-
HIV1.cut.id_KT427743.1	0.0	1063.43	1220.3	3165.12	0.0	-	-	454.55	-	100	-
HIV1.cut.id_KT427744.1	1452.94	405.68	-	2098.62	0.0	-	-	-	-	100	-
HIV1.cut.id_KT427745.1	0.0	991.74	-	925.27	1568.63	-	-	-	-	100	-
HIV1.cut.id_KT427746.1	0.0	1592.48	1931.59	4734.38	39.71	-	-	-	-	100	-
HIV1.cut.id_KT427747.1	0.0	-	-	-	-	-	-	-	-	100	0.0
HIV1.cut.id_KT427748.1	112.13	792.0	2013.94	5266.83	1601.42	-	-	-	-	100	-
HIV1.cut.id_KT427749.1	640.41	374.25	-	4200.0	-	-	-	-	-	100	0.0
HIV1.cut.id_KT427750.1	0.0	0.0	0.0	1656.5	0.0	-	-	0.0	-	100	0.0
HIV1.cut.id_KT427751.1	1060.03	359.71	-	4860.39	-	-	-	-	-	100	1789.4
HIV1.cut.id_KT427752.1	2982.18	-	-	4192.95	1578.95	-	-	-	-	100	-
HIV1.cut.id_KT427753.1	3411.37	275.79	0.0	1877.27	0.0	-	-	-	-	100	0.0
HIV1.cut.id_KT427754.1	0.0	0.0	-	2201.26	266.93	-	-	-	-	100	-
HIV1.cut.id_KT427755.1	566.87	1458.56	-	1828.93	-	-	-	0.0	-	100	0.0
HIV1.cut.id_KT427756.1	2746.93	112.45	-	7383.08	0.0	-	-	-	-	100	-
HIV1.cut.id_KT427757.1	1721.66	0.0	1927.83	1241.53	0.0	-	-	0.0	-	100	-
HIV1.cut.id_KT427758.1	1056.8	-	488.83	2779.39	-	-	-	0.0	-	100	-
HIV1.cut.id_KT427759.1	0.0	49.44	454.13	2599.51	-	-	-	-	-	100	-
HIV1.cut.id_KT427760.1	232.28	204.58	2352.94	934.8	506.4	-	-	-	-	100	-
HIV1.cut.id_KT427761.1	0.0	344.9	992.41	1746.38	0.0	-	-	-	-	100	-
HIV1.cut.id_KT427762.1	755.75	652.49	2560.35	59.7	1042.05	-	-	-	-	100	-
HIV1.cut.id_KT427763.1	823.05	2624.53	-	3032.66	-	-	-	-	-	100	-
HIV1.cut.id_KT427764.1	0.0	0.0	-	2340.7	2329.29	-	-	0.0	-	100	-
HIV1.cut.id_KT427765.1	264.96	90.44	-	2694.08	-	-	-	-	-	100	-
HIV1.cut.id_KT427766.1	0.0	865.6	733.59	2902.12	-	-	-	-	-	100	-
HIV1.cut.id_KT427767.1	3386.83	0.0	-	2712.35	915.19	-	-	2060.89	-	100	-
HIV1.cut.id_KT427768.1	159.98	65.04	-	2750.81	0.0	-	-	-	-	100	-
HIV1.cut.id_KT427769.1	0.0	206.44	3328.89	893.62	355.0	-	-	-	-	100	-
HIV1.cut.id_KT427770.1	743.8	-	522.65	3840.0	-	-	-	473.93	-	100	0.0
HIV1.cut.id_KT427771.1	1679.64	538.81	736.94	2896.87	506.47	-	-	0.0	-	100	-
HIV1.cut.id_KT427772.1	254.74	0.0	-	3337.2	0.0	-	-	-	-	100	-
HIV1.cut.id_KT427773.1	2191.21	41.43	1961.76	2391.08	0.0	-	-	269.3	-	100	-
HIV1.cut.id_KT427774.1	0.0	0.0	0.0	6481.75	334.35	-	-	3071.9	-	100	-
HIV1.cut.id_KT427775.1	1090.69	386.98	-	3762.42	0.0	-	-	-	-	100	0.0
HIV1.cut.id_KT427776.1	968.05	428.72	1951.22	2678.4	0.0	-	-	0.0	-	100	-
HIV1.cut.id_KT427777.1	1851.08	1213.82	-	2368.33	-	-	-	-	-	100	-
HIV1.cut.id_KT427778.1	289.31	849.58	1755.62	2478.26	1088.27	-	-	0.0	-	100	-
HIV1.cut.id_KT427779.1	127.95	0.0	98.81	2586.21	-	-	-	-	-	100	-
HIV1.cut.id_KT427780.1	0.0	1573.82	144.4	1046.86	152.28	-	-	0.0	-	100	0.0
HIV1.cut.id_KT427781.1	0.0	0.0	1851.26	3194.75	0.0	-	-	-	-	100	-
HIV1.cut.id_KT427782.1	396.24	838.32	1848.31	1554.93	0.0	-	-	-	-	100	-
HIV1.cut.id_KT427783.1	210.36	269.83	1014.49	2235.47	0.0	-	-	-	-	100	-
HIV1.cut.id_KT427784.1	0.0	0.0	2164.8	2598.94	0.0	-	-	-	-	100	-
HIV1.cut.id_KT427785.1	669.96	518.13	-	2500.0	0.0	-	-	0.0	-	100	-
HIV1.cut.id_KT427786.1	11.1	0.0	3422.72	2013.22	0.0	-	-	-	-	100	-
HIV1.cut.id_KT427787.1	970.11	1821.57	489.09	1258.92	-	-	-	-	-	100	-
HIV1.cut.id_KT427788.1	0.0	2926.12	1071.16	4885.23	-	-	-	-	-	100	-
HIV1.cut.id_KT427789.1	0.0	0.0	2165.93	4020.92	0.0	-	-	80.06	-	100	-
HIV1.cut.id_KT427790.1	318.09	158.44	0.0	6296.18	66.52	-	-	-	-	100	-
HIV1.cut.id_KT427791.1	22.38	486.19	386.1	3764.09	0.0	-	-	0.0	-	100	-
HIV1.cut.id_KT427792.1	0.0	166.48	0.0	1078.07	0.0	-	-	-	-	100	-
HIV1.cut.id_KT427794.1	0.0	371.26	-	4262.79	396.04	-	-	-	-	100	-
HIV1.cut.id_KT427795.1	202.59	96.34	1172.71	1972.87	31.97	-	-	0.0	-	100	-
HIV1.cut.id_KT427796.1	3105.73	54.51	967.17	2964.4	2315.29	-	-	0.0	-	100	-
HIV1.cut.id_KT427797.1	622.15	405.9	1679.1	2332.64	0.0	-	-	1845.02	-	100	-
HIV1.cut.id_KT427798.1	314.47	108.65	3545.63	1726.26	53.28	-	-	849.06	-	100	-
HIV1.cut.id_KT427799.1	0.0	501.5	2626.46	2059.41	0.0	-	-	0.0	-	100	-
HIV1.cut.id_KT427800.1	0.0	1089.02	770.8	3812.13	789.99	-	-	189.75	-	100	0.0
HIV1.cut.id_KT427801.1	0.0	100.99	519.71	1350.77	0.0	-	-	0.0	-	100	-
HIV1.cut.id_KT427803.1	0.0	617.92	1506.53	3038.34	0.0	-	-	0.0	-	100	-
HIV1.cut.id_KT427805.1	0.0	-	0.0	703.73	0.0	-	-	-	-	100	-
HIV1.cut.id_KT427806.1	286.47	195.63	1435.41	1634.56	0.0	-	-	-	-	100	-
HIV1.cut.id_KT427807.1	1997.54	0.0	0.0	3797.47	-	-	-	-	-	100	-
HIV1.cut.id_KT427808.1	2030.27	0.0	2800.29	4972.68	0.0	-	-	0.0	-	100	-
HIV1.cut.id_KT427809.1	0.0	553.78	78.99	605.5	392.83	-	-	0.0	-	100	-
HIV1.cut.id_KT427810.1	804.32	350.95	1274.04	5157.49	0.0	-	-	-	-	100	-
HIV1.cut.id_KT427815.1	219.78	0.0	2595.3	1608.35	588.73	-	-	0.0	-	100	-
HIV1.cut.id_KT427816.1	0.0	204.33	3013.34	4356.35	0.0	-	-	0.0	-	100	-
HIV1.cut.id_KT427817.1	110.68	149.32	143.01	1059.15	311.39	-	-	221.4	-	100	-
HIV1.cut.id_KT427818.1	1994.24	913.47	374.53	4892.57	289.44	-	-	-	-	100	-
HIV1.cut.id_KT427819.1	1884.27	1263.12	520.09	6348.33	0.0	-	-	-	-	100	-
HIV1.cut.id_KT427820.1	1021.44	1065.89	695.65	3386.69	0.0	-	-	-	-	100	-
HIV1.cut.id_KT427823.1	11.1	2090.52	2310.98	1688.56	0.0	-	2295.08	-	-	100	-
HIV1.cut.id_KT427824.1	723.23	3821.14	1021.36	0.0	1076.23	-	-	0.0	-	100	-
HIV1.cut.id_KT427825.1	0.0	100.5	1457.54	2074.33	0.0	-	-	-	-	100	-
HIV1.cut.id_KT427826.1	0.0	0.0	-	2595.72	0.0	-	-	-	-	100	-
HIV1.cut.id_KT427827.1	0.0	566.45	-	1528.24	-	-	-	-	-	100	-
HIV1.cut.id_KT427828.1	0.0	0.0	0.0	1525.73	383.33	-	-	-	-	100	-
HIV1.cut.id_KT427829.1	223.74	0.0	1283.15	9027.08	-	-	-	-	-	100	-
HIV1.cut.id_KT427830.1	0.0	217.16	1364.26	2247.45	1603.44	-	-	-	-	100	-
HIV1.cut.id_KT427831.1	1237.51	0.0	-	2516.19	910.08	-	-	-	-	100	-
HIV1.cut.id_KT427865.1	546.79	511.74	-	2954.28	0.0	-	-	-	-	100	-
HIV1.cut.id_KT427869.1	3213.64	0.0	-	2352.49	-	-	-	-	-	100	-
HIV1.cut.id_KT427870.1	479.48	148.59	-	6194.1	0.0	-	-	-	-	100	-
HIV1.cut.id_KT427872.1	0.0	0.0	2018.67	4064.77	0.0	-	-	-	-	100	-
HIV1.cut.id_KT427873.1	0.0	0.0	-	681.09	2222.22	-	-	0.0	-	100	-
HIV1.cut.id_KT438782.1	2849.13	495.4	-	3818.41	0.0	-	-	0.0	-	100	0.0
HIV1.cut.id_KT438783.1	1475.69	674.31	-	4765.4	-	-	-	-	-	100	-
HIV1.cut.id_KT438784.1	641.76	3254.44	-	4350.53	-	-	-	-	-	100	-
HIV1.cut.id_KT982201.1	161.64	1048.18	1462.17	2452.53	0.0	-	-	-	-	100	-
HIV1.cut.id_KU161143.1	0.0	143.4	-	1048.34	3703.7	-	-	-	-	100	-
HIV1.cut.id_KU161144.1	1129.87	1152.74	1998.71	3976.64	-	-	-	-	-	100	-
HIV1.cut.id_KU161145.1	867.68	2042.15	1131.07	2713.36	0.0	-	-	0.0	-	100	-
HIV1.cut.id_KU168256.1	0.0	0.0	1267.61	2037.58	147.42	-	-	0.0	-	100	-
HIV1.cut.id_KU168257.1	0.0	0.0	-	1640.12	0.0	-	-	0.0	-	100	-
HIV1.cut.id_KU168258.1	142.96	391.18	0.0	312.22	-	-	-	-	-	100	-
HIV1.cut.id_KU168259.1	628.51	0.0	393.58	3702.64	0.0	-	-	-	-	100	-
HIV1.cut.id_KU168260.1	110.1	523.05	2727.03	3362.34	473.58	-	-	0.0	-	100	-
HIV1.cut.id_KU168261.1	0.0	527.98	666.35	4647.4	0.0	-	-	-	-	100	-
HIV1.cut.id_KU168262.1	0.0	305.62	2674.38	4756.43	0.0	-	-	-	-	100	-
HIV1.cut.id_KU168263.1	0.0	0.0	1755.31	9682.76	670.8	-	-	0.0	-	100	-
HIV1.cut.id_KU168264.1	733.28	1534.36	-	5272.41	-	-	-	-	-	100	-
HIV1.cut.id_KU168265.1	592.37	0.0	277.78	3521.67	37.92	-	-	0.0	-	100	-
HIV1.cut.id_KU168266.1	833.97	0.0	1950.03	4120.6	170.21	-	-	0.0	-	100	-
HIV1.cut.id_KU168267.1	0.0	0.0	149.79	3016.95	0.0	-	-	-	-	100	-
HIV1.cut.id_KU168268.1	0.0	351.2	1434.26	2328.34	231.84	-	-	0.0	-	100	-
HIV1.cut.id_KU168269.1	0.0	195.4	1482.97	3948.23	0.0	-	-	0.0	-	100	-
HIV1.cut.id_KU168270.1	3326.02	0.0	563.24	2788.1	0.0	-	-	657.17	-	100	-
HIV1.cut.id_KU168271.1	0.0	549.31	828.84	2819.04	19.02	-	-	0.0	-	100	-
HIV1.cut.id_KU168272.1	21.74	378.74	2001.77	4319.77	0.0	-	-	0.0	-	100	-
HIV1.cut.id_KU168273.1	416.35	769.12	1557.79	3370.11	382.45	-	-	0.0	-	100	-
HIV1.cut.id_KU168274.1	873.65	0.0	2046.19	2273.47	193.58	-	-	1464.66	-	100	-
HIV1.cut.id_KU168275.1	528.52	126.77	1256.73	3955.57	507.25	-	-	3385.83	-	100	-
HIV1.cut.id_KU168276.1	3008.85	1485.92	2409.64	6702.78	0.0	-	-	3948.54	-	100	-
HIV1.cut.id_KU168277.1	0.0	2537.55	785.85	3349.13	0.0	-	4661.02	-	-	100	-
HIV1.cut.id_KU168278.1	4244.41	221.94	1617.03	5701.96	0.0	-	-	1221.37	-	100	-
HIV1.cut.id_KU168279.1	0.0	846.77	737.5	1222.06	49.33	-	-	0.0	-	100	-
HIV1.cut.id_KU168280.1	0.0	0.0	449.78	2611.06	139.05	-	1941.75	243.78	-	100	-
HIV1.cut.id_KU168281.1	6839.37	1766.45	2505.69	2439.76	0.0	-	-	-	-	100	-
HIV1.cut.id_KU168282.1	531.97	241.23	611.11	2649.01	246.19	-	-	424.49	-	100	-
HIV1.cut.id_KU168283.1	3653.47	1212.37	718.02	2573.24	0.0	-	3367.0	-	-	100	0.0
HIV1.cut.id_KU168284.1	10.84	0.0	713.19	11065.35	88.55	-	-	138.55	-	100	-
HIV1.cut.id_KU168285.1	0.0	76.87	2200.18	3298.02	69.76	-	-	0.0	-	100	0.0
HIV1.cut.id_KU168286.1	6772.13	1906.32	465.45	8476.61	298.3	-	-	2051.55	-	100	-
HIV1.cut.id_KU168288.1	7841.65	1437.59	3493.06	2457.17	0.0	-	5991.12	2853.44	-	100	0.0
HIV1.cut.id_KU168289.1	10.85	856.42	848.87	1887.89	451.23	-	-	-	-	100	-
HIV1.cut.id_KU168290.1	617.69	946.8	1990.13	8592.35	182.59	-	-	0.0	-	100	-
HIV1.cut.id_KU168291.1	7824.01	1293.62	675.92	2261.01	0.0	-	-	-	-	100	-
HIV1.cut.id_KU168292.1	64.66	448.49	2288.39	3953.75	82.2	-	-	0.0	-	100	0.0
HIV1.cut.id_KU168293.1	3590.08	1200.0	1757.57	228.46	459.42	-	3703.7	243.9	-	100	-
HIV1.cut.id_KU168294.1	1359.14	756.62	819.47	19605.82	1252.76	-	-	887.95	-	100	-
HIV1.cut.id_KU168295.1	3330.79	44.2	1671.13	3922.04	274.66	-	-	592.15	-	100	0.0
HIV1.cut.id_KU168296.1	5391.1	623.9	256.98	4456.63	180.18	-	-	-	-	100	-
HIV1.cut.id_KU168297.1	8095.81	121.46	886.92	2664.23	256.9	-	-	-	-	100	-
HIV1.cut.id_KU168298.1	-	0.0	1348.88	-	-	-	-	0.0	-	100	-
HIV1.cut.id_KU168299.1	0.0	0.0	1057.24	2579.09	538.69	-	-	181.98	-	100	-
HIV1.cut.id_KU168300.1	1130.01	33.53	928.89	5428.02	458.72	-	-	1572.33	-	100	-
HIV1.cut.id_KU168301.1	363.12	519.43	1105.68	3958.66	988.61	-	-	325.57	-	100	-
HIV1.cut.id_KU168302.1	0.0	0.0	1099.78	2834.01	0.0	-	-	0.0	-	100	-
HIV1.cut.id_KU168303.1	1204.69	0.0	2385.74	3248.69	152.77	-	-	0.0	-	100	-
HIV1.cut.id_KU168304.1	0.0	204.57	1410.0	3299.68	0.0	-	-	0.0	-	100	-
HIV1.cut.id_KU168305.1	120.99	42.3	1903.01	3418.04	1178.54	-	-	0.0	-	100	0.0
HIV1.cut.id_KU168306.1	3214.83	1284.58	0.0	1624.17	317.26	-	-	0.0	-	100	-
HIV1.cut.id_KU168307.1	0.0	677.2	154.76	4288.97	0.0	-	-	0.0	-	100	-
HIV1.cut.id_KU168308.1	136.47	135.59	-	7637.85	-	-	-	-	-	100	-
HIV1.cut.id_KU168309.1	5215.77	0.0	-	2014.32	-	-	-	-	-	100	-
HIV1.cut.id_KU168310.1	1187.38	116.3	1805.1	126.58	236.36	-	-	0.0	-	100	-
HIV1.cut.id_KU168311.1	0.0	602.63	1884.52	5193.45	675.91	-	-	0.0	-	100	0.0
HIV1.cut.id_KU501256.1	60.27	1381.8	-	3039.51	-	-	-	-	-	100	0.0
HIV1.cut.id_KU501257.1	68.17	0.0	1225.71	2973.4	357.43	-	-	0.0	-	100	-
HIV1.cut.id_KU612900.1	2048.95	426.03	1532.57	6485.57	0.0	-	-	-	-	100	-
HIV1.cut.id_KU612901.1	754.33	3590.35	492.0	3432.91	0.0	-	-	-	-	100	-
HIV1.cut.id_KU641402.1	0.0	0.0	-	724.22	0.0	-	-	-	-	100	-
HIV1.cut.id_KU677989.1	3655.2	324.94	-	-	-	-	-	-	-	100	-
HIV1.cut.id_KU677990.1	2439.63	-	-	2015.78	-	-	-	1902.04	-	100	-
HIV1.cut.id_KU677991.1	860.54	671.79	-	1175.55	-	-	-	-	-	100	-
HIV1.cut.id_KU677992.1	600.06	-	-	1963.75	-	-	-	-	-	100	-
HIV1.cut.id_KU677993.1	1259.99	4501.61	-	848.2	-	-	-	-	-	100	-
HIV1.cut.id_KU677994.1	1457.5	-	-	1136.36	-	-	-	1482.0	-	100	-
HIV1.cut.id_KU677995.1	1816.81	-	-	1640.93	-	-	-	-	-	100	-
HIV1.cut.id_KU677996.1	4041.99	-	-	3361.34	-	-	-	-	-	100	-
HIV1.cut.id_KU677997.1	263.47	-	-	3446.73	-	-	-	-	-	100	-
HIV1.cut.id_KU677998.1	2832.38	-	-	-	-	-	-	-	-	100	-
HIV1.cut.id_KU677999.1	187.79	670.02	-	-	-	-	-	-	-	100	-
HIV1.cut.id_KU678000.1	1753.13	3522.82	4054.05	2172.07	-	-	-	-	-	100	-
HIV1.cut.id_KU678001.1	2541.57	-	-	4382.47	-	-	-	-	-	100	-
HIV1.cut.id_KU678025.1	1524.45	-	-	6095.89	-	-	-	-	-	100	-
HIV1.cut.id_KU678026.1	1073.35	-	-	2564.1	-	-	-	-	-	100	-
HIV1.cut.id_KU678027.1	521.63	649.86	179.37	3498.54	-	-	-	-	-	100	-
HIV1.cut.id_KU678028.1	2032.66	-	-	1935.48	-	-	-	-	-	100	-
HIV1.cut.id_KU678029.1	301.33	-	-	-	-	-	-	-	-	100	-
HIV1.cut.id_KU678030.1	1510.79	921.33	-	1862.83	-	-	-	3141.36	-	100	-
HIV1.cut.id_KU678031.1	233.64	4142.01	-	13714.29	-	-	-	-	-	100	-
HIV1.cut.id_KU678032.1	1960.78	-	-	4112.15	-	-	-	-	-	100	-
HIV1.cut.id_KU678034.1	1196.83	-	-	2218.28	-	-	-	-	-	100	-
HIV1.cut.id_KU678035.1	1440.53	0.0	-	1858.3	-	-	-	-	-	100	-
HIV1.cut.id_KU678036.1	2573.47	-	-	2929.81	-	-	-	-	-	100	-
HIV1.cut.id_KU678049.1	704.83	-	-	2396.8	-	-	-	-	-	100	-
HIV1.cut.id_KU678050.1	2670.15	-	-	1348.31	-	-	-	3235.01	-	100	-
HIV1.cut.id_KU678051.1	-	-	-	3425.31	-	-	2112.68	-	-	100	-
HIV1.cut.id_KU678052.1	1392.95	-	-	5038.76	-	-	-	-	-	100	-
HIV1.cut.id_KU678053.1	925.11	-	-	3232.88	-	-	-	-	-	100	-
HIV1.cut.id_KU678054.1	704.91	-	-	-	-	-	-	-	-	100	-
HIV1.cut.id_KU678055.1	1028.97	-	-	23597.19	-	-	-	-	-	100	-
HIV1.cut.id_KU678056.1	2143.9	-	-	3396.83	-	-	1612.9	-	-	100	-
HIV1.cut.id_KU678058.1	6481.59	6686.73	-	2727.98	-	-	-	-	-	100	-
HIV1.cut.id_KU678059.1	1607.86	-	-	1968.28	-	-	2582.0	-	-	100	-
HIV1.cut.id_KU678060.1	1883.72	1623.22	-	3350.97	-	-	-	540.96	-	100	-
HIV1.cut.id_KU678061.1	2178.62	-	-	4436.66	-	-	-	-	-	100	-
HIV1.cut.id_KU678062.1	2221.06	-	-	2686.2	-	-	-	-	-	100	-
HIV1.cut.id_KU678069.1	2375.57	-	-	873.36	-	-	-	-	-	100	-
HIV1.cut.id_KU678070.1	1340.11	-	-	3036.05	-	-	-	471.33	-	100	-
HIV1.cut.id_KU678071.1	1744.85	-	-	3007.98	-	-	-	4319.65	-	100	-
HIV1.cut.id_KU678074.1	2166.18	-	-	-	-	-	-	-	-	100	-
HIV1.cut.id_KU678075.1	571.73	0.0	-	-	-	-	-	-	-	100	-
HIV1.cut.id_KU678076.1	673.4	-	-	-	-	-	-	-	-	100	-
HIV1.cut.id_KU678077.1	648.04	-	-	-	-	-	-	-	-	100	-
HIV1.cut.id_KU678080.1	1567.01	-	-	1592.72	-	-	-	-	-	100	-
HIV1.cut.id_KU678081.1	1329.5	-	-	1399.07	-	-	-	-	-	100	-
HIV1.cut.id_KU678082.1	2742.71	-	-	5899.42	-	-	-	-	-	100	-
HIV1.cut.id_KU678083.1	3099.89	-	-	0.0	-	-	-	-	-	100	-
HIV1.cut.id_KU678124.1	601.85	0.0	1654.96	3833.2	0.0	-	-	-	-	100	-
HIV1.cut.id_KU678125.1	3549.86	133.33	1257.86	2735.18	-	-	-	0.0	-	100	-
HIV1.cut.id_KU678139.1	3404.31	1179.78	-	2434.46	-	-	-	566.97	-	100	-
HIV1.cut.id_KU678140.1	3758.96	-	-	2755.0	-	-	-	-	-	100	-
HIV1.cut.id_KU678141.1	2074.17	-	-	1598.72	-	-	-	3352.49	-	100	-
HIV1.cut.id_KU678143.1	2527.65	0.0	-	-	-	-	-	-	-	100	-
HIV1.cut.id_KU678144.1	3070.47	-	-	4562.8	-	-	-	-	-	100	-
HIV1.cut.id_KU678145.1	5392.32	-	-	4275.24	-	-	-	-	-	100	-
HIV1.cut.id_KU678161.1	772.33	-	-	4059.36	-	-	-	-	-	100	-
HIV1.cut.id_KU678162.1	-	-	-	2851.11	-	-	-	-	-	100	-
HIV1.cut.id_KU678163.1	544.07	-	-	-	-	-	-	-	-	100	-
HIV1.cut.id_KU678164.1	1152.26	-	-	-	-	-	-	-	-	100	-
HIV1.cut.id_KU678165.1	941.39	-	-	1261.26	3418.8	-	-	-	-	100	-
HIV1.cut.id_KU678166.1	4398.3	0.0	-	-	-	-	-	-	-	100	-
HIV1.cut.id_KU678167.1	3886.33	-	-	11484.42	-	-	-	-	-	100	-
HIV1.cut.id_KU678168.1	654.72	-	-	3578.15	-	-	-	-	-	100	-
HIV1.cut.id_KU678169.1	1840.7	-	-	-	-	-	-	-	-	100	-
HIV1.cut.id_KU678170.1	1497.46	-	-	1508.12	-	-	-	-	-	100	-
HIV1.cut.id_KU678171.1	2726.85	-	-	-	-	-	-	-	-	100	-
HIV1.cut.id_KU678172.1	1688.62	-	-	1297.5	-	-	4028.02	-	-	100	-
HIV1.cut.id_KU678173.1	862.84	-	-	489.24	-	-	-	-	-	100	-
HIV1.cut.id_KU678174.1	1093.21	-	-	-	-	-	-	-	-	100	-
HIV1.cut.id_KU678175.1	4306.7	-	-	-	-	-	-	-	-	100	-
HIV1.cut.id_KU678176.1	1982.12	-	-	-	-	-	-	-	-	100	-
HIV1.cut.id_KU678177.1	2130.04	-	-	3333.33	-	-	-	-	-	100	-
HIV1.cut.id_KU678178.1	60.35	0.0	-	1489.87	-	-	-	-	-	100	-
HIV1.cut.id_KU678179.1	1394.37	-	-	-	-	-	-	-	-	100	-
HIV1.cut.id_KU678180.1	1164.14	-	-	-	-	-	-	-	-	100	-
HIV1.cut.id_KU678191.1	2835.45	-	-	-	-	-	-	-	-	100	-
HIV1.cut.id_KU678192.1	720.12	-	-	3330.97	-	-	-	-	-	100	-
HIV1.cut.id_KU678193.1	3746.54	-	-	-	-	-	-	-	-	100	-
HIV1.cut.id_KU749387.1	0.0	2582.61	-	1010.1	638.82	-	-	-	-	100	-
HIV1.cut.id_KU749388.1	196.96	2516.96	1428.57	1326.74	485.44	-	-	0.0	-	100	-
HIV1.cut.id_KU749389.1	0.0	247.59	-	2454.82	-	-	-	-	-	100	-
HIV1.cut.id_KU749390.1	130.9	0.0	-	3298.4	0.0	-	-	-	-	100	-
HIV1.cut.id_KU749391.1	0.0	-	-	4623.29	-	-	-	-	-	100	-
HIV1.cut.id_KU749392.1	0.0	22.98	-	1030.39	0.0	-	-	4072.83	-	100	-
HIV1.cut.id_KU749393.1	120.48	58.82	-	3407.33	428.98	-	-	-	-	100	-
HIV1.cut.id_KU749394.1	218.7	41.13	326.55	3396.52	1683.11	-	-	3438.53	-	100	-
HIV1.cut.id_KU749395.1	915.83	505.28	2816.9	972.55	0.0	-	-	1200.17	-	100	-
HIV1.cut.id_KU749396.1	0.0	19.07	844.59	1608.71	0.0	-	-	0.0	-	100	0.0
HIV1.cut.id_KU749397.1	0.0	356.51	-	3317.21	393.08	-	-	-	-	100	-
HIV1.cut.id_KU749398.1	0.0	0.0	2113.68	5380.21	0.0	-	-	791.37	-	100	-
HIV1.cut.id_KU749399.1	0.0	98.18	340.94	5068.64	0.0	-	-	0.0	-	100	-
HIV1.cut.id_KU749400.1	0.0	0.0	791.97	2017.41	1408.45	-	-	845.67	-	100	-
HIV1.cut.id_KU749401.1	1291.74	1046.9	81.1	2241.29	0.0	-	-	0.0	-	100	-
HIV1.cut.id_KU749402.1	985.57	170.85	352.11	1584.13	959.78	-	-	3302.05	-	100	-
HIV1.cut.id_KU749403.1	1965.71	402.5	1870.75	3899.43	214.13	-	-	0.0	-	100	-
HIV1.cut.id_KU749404.1	843.56	38.77	750.96	2943.97	228.41	-	-	2685.35	-	100	-
HIV1.cut.id_KU749405.1	774.85	558.38	1761.89	4891.3	0.0	-	-	0.0	-	100	-
HIV1.cut.id_KU749406.1	2029.68	344.15	-	3819.15	0.0	-	-	3083.0	-	100	-
HIV1.cut.id_KU749407.1	61.51	178.15	1693.28	3183.89	100.0	-	-	0.0	-	100	-
HIV1.cut.id_KU749408.1	320.94	54.85	2864.74	4677.42	157.23	-	-	1135.19	-	100	-
HIV1.cut.id_KU749409.1	4200.32	-	1409.7	1605.16	-	-	4038.0	3030.3	-	100	-
HIV1.cut.id_KU749410.3	0.0	0.0	625.87	3960.4	4587.16	-	-	-	-	100	0.0
HIV1.cut.id_KU749411.1	1055.99	619.2	-	2223.56	-	-	-	4765.15	-	100	-
HIV1.cut.id_KU749412.1	154.12	-	1906.41	6814.81	-	-	-	1734.1	-	100	-
HIV1.cut.id_KU749413.1	3941.16	486.85	63.25	7560.58	0.0	-	4695.16	-	-	100	-
HIV1.cut.id_KU749414.1	2775.28	-	-	2561.25	-	-	-	-	-	100	0.0
HIV1.cut.id_KU749415.1	201.52	237.11	-	3082.39	88.57	-	-	0.0	-	100	-
HIV1.cut.id_KU749416.1	0.0	0.0	1742.4	4267.05	132.45	-	-	-	-	100	-
HIV1.cut.id_KU749417.1	221.29	23.33	1395.1	998.7	910.82	-	-	-	-	100	-
HIV1.cut.id_KU749418.1	121.86	1879.19	1778.15	1340.71	914.75	-	-	-	-	100	-
HIV1.cut.id_KU749419.1	0.0	120.19	415.8	5122.32	196.08	-	-	587.48	-	100	-
HIV1.cut.id_KU749420.1	0.0	169.99	1228.97	2691.96	0.0	-	-	0.0	-	100	-
HIV1.cut.id_KU749421.1	0.0	644.65	461.01	2362.74	123.81	-	-	0.0	-	100	-
HIV1.cut.id_KU749422.1	991.7	0.0	1885.8	1464.65	0.0	-	-	2147.9	-	100	0.0
HIV1.cut.id_KU749423.1	0.0	0.0	2860.72	5758.92	1097.5	-	-	1954.47	-	100	-
HIV1.cut.id_KU749424.1	0.0	0.0	2266.82	3608.52	365.41	-	-	1419.56	-	100	-
HIV1.cut.id_KU749425.1	499.09	1243.65	0.0	2568.09	0.0	-	-	0.0	-	100	-
HIV1.cut.id_KU749426.1	110.94	181.9	37.95	4405.74	0.0	-	-	-	-	100	-
HIV1.cut.id_KU749427.1	456.57	242.23	989.95	7571.96	0.0	-	-	0.0	-	100	-
HIV1.cut.id_KU749428.1	0.0	634.67	893.74	1397.52	714.8	-	-	-	-	100	-
HIV1.cut.id_KU749429.1	410.79	72.12	1005.23	3299.74	0.0	-	-	404.31	-	100	-
HIV1.cut.id_KU749430.1	0.0	69.4	623.17	1359.7	0.0	-	-	338.73	-	100	0.0
HIV1.cut.id_KU749431.1	988.12	1023.89	2634.05	2198.73	0.0	-	-	1306.05	-	100	-
HIV1.cut.id_KU749432.1	0.0	0.0	101.25	1730.84	-	-	-	527.11	-	100	-
HIV1.cut.id_KU886698.1	241.28	81.7	667.3	918.4	0.0	-	-	351.29	-	100	-
HIV1.cut.id_KU992928.1	1046.93	0.0	845.07	3797.09	-	-	-	-	-	100	-
HIV1.cut.id_KU992929.1	1599.47	512.1	-	4652.83	-	-	-	-	-	100	-
HIV1.cut.id_KU992930.1	152.77	2174.86	-	5232.4	-	-	-	-	-	100	-
HIV1.cut.id_KU992931.1	452.49	0.0	0.0	5773.73	812.57	-	-	-	-	100	-
HIV1.cut.id_KU992932.1	0.0	-	-	1134.09	-	-	-	-	-	100	-
HIV1.cut.id_KU992933.1	4647.87	0.0	-	2578.69	-	-	-	-	-	100	-
HIV1.cut.id_KU992934.1	4414.22	0.0	-	4383.56	-	-	-	-	-	100	-
HIV1.cut.id_KU992935.1	554.32	0.0	4208.75	3911.81	-	-	-	-	-	100	-
HIV1.cut.id_KU992936.1	728.09	3154.57	-	2896.39	-	-	-	-	-	100	-
HIV1.cut.id_KU992937.1	585.56	39.81	1018.52	9512.58	-	-	-	-	-	100	-
HIV1.cut.id_KX069219.1	0.0	0.0	3624.01	3172.52	578.03	-	-	0.0	-	100	-
HIV1.cut.id_KX069220.1	0.0	0.0	1660.7	6555.79	224.89	-	-	-	-	100	-
HIV1.cut.id_KX069221.1	0.0	0.0	40.98	3493.06	326.8	-	-	0.0	-	100	-
HIV1.cut.id_KX069222.1	45.74	0.0	3516.35	4404.85	0.0	-	-	0.0	-	100	-
HIV1.cut.id_KX069223.1	0.0	0.0	0.0	1776.88	242.97	-	-	0.0	-	100	-
HIV1.cut.id_KX069224.1	0.0	244.05	3236.25	2449.1	547.57	-	-	-	-	100	-
HIV1.cut.id_KX069225.1	141.09	89.57	324.52	3532.69	0.0	-	-	-	-	100	-
HIV1.cut.id_KX069226.1	0.0	0.0	78.74	2049.86	310.8	-	-	-	-	100	-
HIV1.cut.id_KX069227.1	0.0	153.89	579.43	817.66	0.0	-	-	0.0	-	100	-
HIV1.cut.id_KX069228.1	465.73	92.12	1112.38	-	-	-	-	-	-	100	-
HIV1.cut.id_KX159285.1	0.0	0.0	0.0	3438.76	0.0	-	-	0.0	-	100	-
HIV1.cut.id_KX228799.1	616.84	0.0	0.0	1720.84	2106.97	-	-	-	-	100	-
HIV1.cut.id_KX228800.1	2068.81	116.75	-	405.68	-	-	-	-	-	100	-
HIV1.cut.id_KX228801.1	736.85	0.0	444.16	4947.44	0.0	-	-	0.0	-	100	-
HIV1.cut.id_KX228802.1	526.8	50.99	-	1183.56	0.0	-	-	-	-	100	-
HIV1.cut.id_KX228803.1	0.0	684.61	2322.5	5177.61	36.62	-	-	0.0	-	100	-
HIV1.cut.id_KX228804.1	0.0	210.75	1205.41	3722.48	0.0	-	-	2787.68	-	100	-
HIV1.cut.id_KX228805.1	0.0	404.86	949.24	1791.31	122.2	-	-	-	-	100	-
HIV1.cut.id_KX228806.1	0.0	46.08	1850.78	3155.79	584.51	-	-	0.0	-	100	-
HIV1.cut.id_KX228807.1	0.0	1547.75	907.44	4673.24	0.0	-	-	-	-	100	-
HIV1.cut.id_KX228808.1	1337.57	0.0	2713.85	2866.97	0.0	-	-	0.0	-	100	-
HIV1.cut.id_KX228809.1	1655.74	0.0	2358.72	404.46	0.0	-	-	0.0	-	100	-
HIV1.cut.id_KX228810.1	0.0	342.17	2299.72	2105.85	0.0	-	-	0.0	-	100	-
HIV1.cut.id_KX228811.1	1172.32	0.0	481.37	3494.32	220.13	-	-	0.0	-	100	-
HIV1.cut.id_KX228812.1	456.01	304.76	760.21	1109.59	159.03	-	-	0.0	-	100	-
HIV1.cut.id_KX228813.1	11.21	1184.6	747.79	4430.06	614.38	-	-	0.0	-	100	-
HIV1.cut.id_KX228814.1	92.82	0.0	428.77	2839.93	0.0	-	-	0.0	-	100	-
HIV1.cut.id_KX228815.1	548.89	-	857.45	2003.22	178.75	-	-	226.76	-	100	-
HIV1.cut.id_KX228816.1	495.68	0.0	1292.67	3439.94	0.0	-	-	0.0	-	100	-
HIV1.cut.id_KX228817.1	0.0	0.0	1191.94	1683.94	1282.05	-	-	0.0	-	100	-
HIV1.cut.id_KX228818.1	0.0	0.0	682.38	2375.72	859.17	-	-	1928.57	-	100	-
HIV1.cut.id_KX228819.1	0.0	104.33	1243.82	1339.69	0.0	-	-	0.0	-	100	-
HIV1.cut.id_KX228820.1	1035.17	74.24	702.77	1876.85	0.0	-	-	-	-	100	-
HIV1.cut.id_KX228821.1	22.34	0.0	824.74	2952.66	0.0	-	-	-	-	100	-
HIV1.cut.id_KX228822.1	0.0	207.12	489.55	1777.25	51.63	-	-	1221.42	-	100	-
HIV1.cut.id_KX228823.1	647.85	0.0	1643.77	2005.73	224.22	-	-	0.0	-	100	-
HIV1.cut.id_KX228824.1	0.0	0.0	1880.27	3842.91	0.0	-	-	0.0	-	100	-
HIV1.cut.id_KX228825.1	2354.16	0.0	872.41	5575.76	0.0	-	-	0.0	-	100	-
HIV1.cut.id_KX232594.1	0.0	0.0	950.87	4339.52	376.77	-	-	-	-	100	-
HIV1.cut.id_KX232595.1	287.51	0.0	47.37	3745.07	280.11	-	-	-	-	100	-
HIV1.cut.id_KX232596.1	3584.59	1076.75	-	2234.36	-	-	-	-	-	100	-
HIV1.cut.id_KX232597.1	0.0	451.69	1229.69	3777.92	446.06	-	-	158.73	-	100	-
HIV1.cut.id_KX232599.1	2506.6	2322.13	710.48	1487.1	155.52	-	-	-	-	100	-
HIV1.cut.id_KX232600.1	741.64	1175.64	0.0	2345.98	-	-	-	-	-	100	-
HIV1.cut.id_KX232601.1	7681.32	847.46	0.0	1533.58	99.5	-	-	0.0	-	100	-
HIV1.cut.id_KX232602.1	0.0	535.91	805.01	3063.46	569.26	-	-	0.0	-	100	-
HIV1.cut.id_KX232604.1	2020.09	1448.63	6232.29	1710.01	54.67	-	-	1174.03	-	100	-
HIV1.cut.id_KX232605.1	44.39	0.0	449.1	-	0.0	-	-	0.0	-	100	-
HIV1.cut.id_KX232606.1	97.66	832.39	567.99	2140.56	110.25	-	-	0.0	-	100	-
HIV1.cut.id_KX232607.1	0.0	1743.5	864.97	1302.88	819.67	-	-	2838.83	-	100	-
HIV1.cut.id_KX232609.1	914.1	60.57	305.16	3497.41	597.78	-	-	-	-	100	1511.11
HIV1.cut.id_KX232610.1	2226.88	368.55	1338.29	2757.88	-	-	-	2386.0	-	100	0.0
HIV1.cut.id_KX232611.1	2051.17	859.42	1485.15	4535.91	442.72	-	-	3926.94	-	100	0.0
HIV1.cut.id_KX232612.1	704.54	3021.37	-	2732.6	-	-	-	-	-	100	-
HIV1.cut.id_KX232613.1	0.0	0.0	970.42	1468.87	288.71	-	-	-	-	100	-
HIV1.cut.id_KX232614.1	1244.77	0.0	966.68	4380.48	1205.73	-	-	2389.32	-	100	-
HIV1.cut.id_KX232615.1	812.2	-	-	1345.29	-	-	-	3007.52	-	100	-
HIV1.cut.id_KX232616.1	1256.61	0.0	290.7	1338.29	629.92	-	-	-	-	100	-
HIV1.cut.id_KX232617.1	37.68	429.4	458.57	2665.59	-	-	-	-	-	100	-
HIV1.cut.id_KX232619.1	3137.3	-	-	1623.19	-	-	-	-	-	100	-
HIV1.cut.id_KX232620.1	3330.05	108.93	2517.99	3933.23	478.01	-	-	418.41	-	100	-
HIV1.cut.id_KX232621.1	4774.06	1649.93	-	2526.98	-	-	-	-	-	100	-
HIV1.cut.id_KX232622.1	2260.13	1652.03	687.29	1541.66	0.0	-	-	-	-	100	-
HIV1.cut.id_KX232623.1	370.76	2400.7	-	3580.22	245.3	-	-	8122.12	-	100	-
HIV1.cut.id_KX232625.1	1528.48	-	988.14	6954.38	731.26	-	-	8005.08	-	100	-
HIV1.cut.id_KX232626.1	6404.71	647.81	760.9	8236.04	-	-	-	4102.0	-	100	-
HIV1.cut.id_KX232627.1	892.58	224.32	1689.61	6012.9	71.48	-	-	1585.01	-	100	-
HIV1.cut.id_KX232628.1	2268.7	45.48	-	6797.48	557.72	-	-	3243.24	-	100	-
HIV1.cut.id_KX232629.1	2412.81	242.13	1795.06	4032.26	-	-	-	-	-	100	0.0
HIV1.cut.id_KX353919.1	674.35	-	-	2504.91	-	-	-	-	-	100	-
HIV1.cut.id_KX378999.1	2814.66	2638.89	1260.5	2210.18	0.0	-	-	-	-	100	-
HIV1.cut.id_KX379000.1	113.51	1169.83	-	6094.18	-	-	-	1099.71	-	100	-
HIV1.cut.id_KX673818.1	2429.06	39.06	1888.41	4630.42	1563.48	-	-	-	-	100	-
HIV1.cut.id_KX673819.1	1394.08	175.34	-	3206.5	-	-	-	982.91	-	100	-
HIV1.cut.id_KX673820.1	1206.19	0.0	-	6465.52	-	-	-	657.89	-	100	-
HIV1.cut.id_KX673821.1	850.68	0.0	-	559.44	-	-	-	0.0	-	100	-
HIV1.cut.id_KY112585.1	0.0	879.19	-	5481.38	57.13	-	2409.4	-	-	100	-
HIV1.cut.id_KY359380.1	492.07	184.72	783.45	1751.27	-	-	-	612.66	-	100	-
HIV1.cut.id_KY359381.1	2719.46	0.0	0.0	407.69	0.0	-	-	0.0	-	100	-
HIV1.cut.id_KY359382.1	31.81	-	-	-	-	-	-	-	-	100	0.0
HIV1.cut.id_KY359383.1	5718.67	1417.43	1211.73	1449.0	241.94	-	-	535.99	-	100	-
HIV1.cut.id_KY359384.1	844.0	442.66	-	579.43	-	-	-	-	-	100	-
HIV1.cut.id_KY359385.1	8045.48	0.0	0.0	2908.48	0.0	-	-	0.0	-	100	-
HIV1.cut.id_KY364886.1	210.34	102.93	-	2213.69	795.54	-	-	0.0	-	100	0.0
HIV1.cut.id_KY392767.1	33.2	0.0	2989.97	1231.22	279.28	-	-	0.0	-	100	-
HIV1.cut.id_KY392768.1	3514.76	175.17	350.88	3653.85	0.0	-	-	0.0	-	100	-
HIV1.cut.id_KY392769.1	208.75	0.0	2396.69	3869.57	23.95	-	-	0.0	-	100	-
HIV1.cut.id_KY392770.1	0.0	21.24	1597.55	1607.72	775.03	-	-	0.0	-	100	-
HIV1.cut.id_KY392771.1	0.0	100.66	1463.88	4648.97	77.65	-	-	230.04	-	100	-
HIV1.cut.id_KY392772.1	0.0	806.75	614.53	2804.71	222.59	-	-	0.0	-	100	-
HIV1.cut.id_KY392773.1	1854.48	491.64	3225.81	2342.31	714.95	-	-	977.93	-	100	-
HIV1.cut.id_KY392774.1	1291.45	1218.87	2965.4	4221.08	-	-	-	-	-	100	-
HIV1.cut.id_KY392775.1	2374.08	761.2	833.03	1220.85	0.0	-	497.51	-	-	100	0.0
HIV1.cut.id_KY392776.1	0.0	0.0	1967.59	1668.95	435.73	-	-	1276.78	-	100	-
HIV1.cut.id_KY392777.1	891.19	338.92	1331.84	5694.23	368.19	-	-	0.0	-	100	-
HIV1.cut.id_KY392778.1	0.0	16.86	1628.8	1512.63	0.0	-	-	998.52	-	100	-
HIV1.cut.id_KY392779.1	0.0	0.0	1808.38	3748.51	0.0	-	-	0.0	-	100	-
HIV1.cut.id_KY392780.1	1510.97	147.15	959.23	1051.54	0.0	-	-	0.0	-	100	-
HIV1.cut.id_KY465967.1	1941.1	0.0	782.78	2680.25	-	-	-	-	-	100	-
HIV1.cut.id_KY465968.1	1438.68	144.23	-	-	1801.1	-	-	-	-	100	0.0
HIV1.cut.id_KY465969.1	33.99	2576.24	2029.52	8121.99	0.0	-	-	-	-	100	0.0
HIV1.cut.id_KY496622.1	7196.17	605.65	1205.79	759.88	0.0	-	-	973.69	-	100	0.0
HIV1.cut.id_KY496623.1	0.0	0.0	-	2198.37	66.17	-	-	0.0	-	100	-
HIV1.cut.id_KY496624.1	66.93	89.14	1550.64	2579.61	420.86	-	-	0.0	-	100	-
HIV1.cut.id_KY498771.1	231.48	300.02	170.07	4312.04	0.0	-	1650.79	1187.05	-	100	0.0
HIV1.cut.id_KY514084.1	661.36	82.71	-	17721.52	1232.23	-	-	-	-	100	-
HIV1.cut.id_KY514085.1	4010.88	-	-	3660.44	2542.37	-	-	2135.68	-	100	-
HIV1.cut.id_KY557336.1	1444.82	734.59	2564.1	2418.05	393.8	-	-	488.2	-	100	-
HIV1.cut.id_KY658681.1	0.0	1573.82	354.61	3382.71	0.0	-	-	0.0	-	100	-
HIV1.cut.id_KY658682.1	5684.7	82.07	707.92	2268.86	728.79	-	2068.97	1851.85	-	100	-
HIV1.cut.id_KY658683.1	617.35	125.25	1519.21	2125.38	0.0	-	-	-	-	100	0.0
HIV1.cut.id_KY658684.1	0.0	104.3	1071.43	4991.44	-	-	-	-	-	100	-
HIV1.cut.id_KY658685.1	0.0	370.62	437.5	2295.8	0.0	-	-	0.0	-	100	0.0
HIV1.cut.id_KY658686.1	0.0	0.0	0.0	0.0	465.48	-	-	-	-	100	-
HIV1.cut.id_KY658687.1	0.0	3527.98	964.36	1857.78	1238.26	-	-	0.0	-	100	-
HIV1.cut.id_KY658688.1	373.34	0.0	-	2034.04	181.0	-	-	-	-	100	-
HIV1.cut.id_KY658689.1	2783.73	0.0	2591.25	1843.32	247.28	-	-	0.0	-	100	-
HIV1.cut.id_KY658690.1	0.0	0.0	849.42	2118.72	0.0	-	-	0.0	-	100	-
HIV1.cut.id_KY658691.1	70.41	438.69	3146.37	1475.74	60.42	-	-	0.0	-	100	-
HIV1.cut.id_KY658692.1	1010.21	0.0	0.0	3489.41	-	-	-	-	-	100	-
HIV1.cut.id_KY658693.1	462.76	0.0	0.0	2808.37	0.0	-	-	-	-	100	-
HIV1.cut.id_KY658694.1	0.0	210.21	750.19	2222.22	0.0	-	-	1362.68	-	100	-
HIV1.cut.id_KY658695.1	715.78	0.0	108.17	1895.61	644.12	-	-	4038.63	-	100	-
HIV1.cut.id_KY658696.1	0.0	0.0	835.21	3008.35	63.9	-	-	483.4	-	100	-
HIV1.cut.id_KY658697.1	0.0	0.0	-	4237.92	0.0	-	-	0.0	-	100	-
HIV1.cut.id_KY658698.1	253.84	473.13	810.81	2621.5	0.0	-	-	1043.38	-	100	-
HIV1.cut.id_KY658699.1	1206.23	390.69	752.51	2939.66	817.1	-	-	-	-	100	-
HIV1.cut.id_KY658700.1	590.73	58.94	2621.23	3621.46	0.0	-	-	0.0	-	100	0.0
HIV1.cut.id_KY658701.1	0.0	0.0	1250.22	3636.86	962.0	-	-	0.0	-	100	-
HIV1.cut.id_KY658702.1	316.97	1195.22	819.88	5027.59	355.03	-	-	-	-	100	-
HIV1.cut.id_KY658703.1	0.0	0.0	-	2470.65	0.0	-	-	-	-	100	-
HIV1.cut.id_KY658704.1	1303.19	-	-	2301.19	0.0	-	-	3362.15	-	100	-
HIV1.cut.id_KY658705.1	404.36	0.0	2036.52	4622.43	0.0	-	-	-	-	100	-
HIV1.cut.id_KY658706.1	885.26	190.74	1123.6	4737.09	-	-	-	-	-	100	-
HIV1.cut.id_KY658707.1	1091.46	2406.42	174.52	4960.84	-	-	-	-	-	100	-
HIV1.cut.id_KY658708.1	843.65	0.0	340.43	5299.47	0.0	-	-	4451.04	-	100	-
HIV1.cut.id_KY658709.1	592.94	-	-	4272.98	-	-	-	-	-	100	-
HIV1.cut.id_KY658710.1	978.51	-	2470.69	4870.23	3132.53	-	-	-	-	100	-
HIV1.cut.id_KY658711.1	1551.39	710.34	-	6500.52	-	-	-	-	-	100	-
HIV1.cut.id_KY658712.1	1757.47	440.23	3756.71	4053.56	-	-	-	2949.06	-	100	-
HIV1.cut.id_KY658713.1	958.62	0.0	-	3020.67	0.0	-	-	3253.8	-	100	-
HIV1.cut.id_KY658714.1	452.59	1753.65	-	1130.25	683.89	-	-	-	-	100	-
HIV1.cut.id_KY658715.1	1682.43	-	126.66	3250.53	3989.59	-	-	1476.62	-	100	-
HIV1.cut.id_KY658716.1	1938.88	-	-	2981.93	-	-	3850.93	-	-	100	-
HIV1.cut.id_KY658717.1	1032.29	76.05	-	1404.85	-	-	-	-	-	100	-
HIV1.cut.id_KY658718.1	969.16	530.86	-	1208.84	-	-	-	-	-	100	-
HIV1.cut.id_KY658719.1	609.05	0.0	261.32	10204.08	0.0	-	-	-	-	100	-
HIV1.cut.id_KY778445.1	1511.67	0.0	4147.47	-	-	-	-	-	-	100	-
HIV1.cut.id_KY778450.1	5888.85	729.04	-	-	-	-	-	-	-	100	-
HIV1.cut.id_KY778456.1	1546.79	1411.51	1860.25	1182.65	-	-	-	-	-	100	-
HIV1.cut.id_KY778468.1	3778.59	654.37	-	3637.75	-	-	-	-	-	100	-
HIV1.cut.id_KY778473.1	-	476.64	-	2871.73	-	-	-	-	-	100	-
HIV1.cut.id_KY778479.1	939.12	-	-	543.97	-	-	-	-	-	100	-
HIV1.cut.id_KY778482.1	1745.66	-	107.64	1522.62	208.25	-	-	-	-	100	-
HIV1.cut.id_KY778486.1	2110.26	1307.47	995.48	5087.76	-	-	-	-	-	100	-
HIV1.cut.id_KY778487.1	3205.42	-	-	1549.05	-	-	-	-	-	100	-
HIV1.cut.id_KY778496.1	2817.37	-	-	3823.77	-	-	3600.36	-	-	100	-
HIV1.cut.id_KY778502.1	-	-	-	-	-	-	-	-	-	100	-
HIV1.cut.id_KY778510.1	-	1341.41	-	3156.86	363.64	-	-	-	-	100	-
HIV1.cut.id_KY778516.1	1226.31	-	-	2954.64	-	-	-	-	-	100	-
HIV1.cut.id_KY778517.1	1083.78	-	96.96	2587.72	-	-	2991.2	-	-	100	-
HIV1.cut.id_KY778521.1	2618.5	-	-	1464.68	-	-	-	2030.46	-	100	-
HIV1.cut.id_KY778529.1	-	-	-	-	-	-	-	-	-	100	-
HIV1.cut.id_KY778545.1	1921.38	-	-	1949.32	732.3	-	-	-	-	100	-
HIV1.cut.id_KY950610.1	780.35	862.26	1923.08	2386.39	222.88	-	-	-	-	100	-
HIV1.cut.id_KY989949.1	693.34	0.0	1037.61	1315.03	1010.1	-	-	0.0	-	100	-
HIV1.cut.id_KY989950.1	2911.97	297.71	805.37	4650.67	0.0	-	-	0.0	-	100	-
HIV1.cut.id_KY989951.1	46.83	1708.63	74.4	9760.8	420.17	-	-	0.0	-	100	-
HIV1.cut.id_KY989952.1	514.66	142.65	799.2	2694.21	646.14	-	-	-	-	100	0.0
HIV1.cut.id_KY989953.1	745.44	578.03	-	616.14	105.6	-	-	0.0	-	100	-
HIV1.cut.id_KY989954.1	22.4	0.0	0.0	2544.17	0.0	-	-	0.0	-	100	-
HIV1.cut.id_KY989955.1	4379.28	66.76	-	3759.23	1115.24	-	-	1763.05	-	100	0.0
HIV1.cut.id_KY989956.1	80.64	0.0	-	3793.66	0.0	-	-	0.0	-	100	-
HIV1.cut.id_KY989957.1	2979.72	1213.28	0.0	2239.13	-	-	-	-	-	100	-
HIV1.cut.id_KY995542.1	1031.05	0.0	1737.45	3453.26	0.0	-	-	0.0	-	100	0.0
HIV1.cut.id_L02317.1	775.19	0.0	4906.77	3788.37	-	-	-	-	-	100	-
HIV1.cut.id_L20571.1	4111.38	1655.98	549.37	2160.32	0.0	-	-	3746.29	-	100	-
HIV1.cut.id_L20587.1	1690.29	1452.31	649.53	5752.31	0.0	-	3323.26	4453.87	-	100	-
HIV1.cut.id_L31963.1	943.21	-	-	-	-	-	-	-	-	100	-
HIV1.cut.id_L39106.1	1023.26	908.59	671.14	1274.09	1192.25	-	-	-	-	100	-
HIV1.cut.id_LC027100.1	464.76	1027.58	-	543.62	0.0	-	-	3410.06	-	100	-
HIV1.cut.id_M17449.1	138.7	-	-	2031.06	231.3	-	-	-	-	100	-
HIV1.cut.id_M17451.1	433.39	0.0	-	3147.32	0.0	-	-	-	-	100	-
HIV1.cut.id_M22639.1	0.0	116.41	1741.94	3832.58	-	-	-	3839.01	-	100	-
HIV1.cut.id_M26727.1	0.0	289.58	2019.39	4299.23	-	-	-	-	-	100	-
HIV1.cut.id_M27323.1	943.26	128.15	-	2269.04	4761.9	-	-	0.0	-	100	-
HIV1.cut.id_M38429.1	138.47	0.0	-	6102.36	-	-	-	-	-	100	-
HIV1.cut.id_M38431.1	1215.53	893.14	-	3645.32	-	-	-	-	-	100	-
HIV1.cut.id_M62320.1	0.0	760.58	2128.36	1126.76	0.0	-	-	0.0	-	100	-
HIV1.cut.id_M93258.1	522.93	3092.78	3852.89	3862.36	-	-	-	-	-	100	-
HIV1.cut.id_M93259.1	739.13	148.15	-	1754.39	-	-	-	-	-	100	-
HIV1.cut.id_MF373124.1	0.0	814.52	205.43	932.61	0.0	-	-	0.0	-	100	-
HIV1.cut.id_MF373125.1	0.0	389.7	-	3411.21	0.0	-	-	0.0	-	100	-
HIV1.cut.id_MF373126.1	0.0	403.23	649.15	904.85	0.0	-	-	-	-	100	-
HIV1.cut.id_MF373127.1	69.31	1797.39	200.6	700.07	0.0	-	-	0.0	-	100	-
HIV1.cut.id_MF373128.1	207.85	110.9	537.8	1535.75	0.0	-	-	0.0	-	100	-
HIV1.cut.id_MF373129.1	383.32	744.5	-	3753.11	0.0	-	-	-	-	100	-
HIV1.cut.id_MF373130.1	2462.43	435.57	-	1387.46	-	-	-	-	-	100	-
HIV1.cut.id_MF373131.1	631.97	1669.09	382.41	4656.06	364.74	-	-	0.0	-	100	-
HIV1.cut.id_MF373132.1	-	2011.66	336.25	2910.45	96.0	-	-	-	-	100	-
HIV1.cut.id_MF373133.1	0.0	973.45	776.98	2709.36	-	-	-	-	-	100	-
HIV1.cut.id_MF373134.1	0.0	1353.72	2406.42	3488.95	0.0	-	-	0.0	-	100	-
HIV1.cut.id_MF373135.1	0.0	0.0	349.96	2665.59	167.08	-	-	-	-	100	-
HIV1.cut.id_MF373136.1	0.0	155.49	490.05	3522.13	112.36	-	-	94.07	-	100	-
HIV1.cut.id_MF373137.1	0.0	916.45	1411.57	165.51	0.0	-	-	0.0	-	100	-
HIV1.cut.id_MF373138.1	368.71	2575.11	1263.86	2200.49	0.0	-	-	0.0	-	100	-
HIV1.cut.id_MF373139.1	679.05	491.9	399.88	6566.35	746.75	-	-	0.0	-	100	-
HIV1.cut.id_MF373140.1	1126.18	0.0	-	6111.4	4220.78	-	-	-	-	100	-
HIV1.cut.id_MF373141.1	650.89	52.31	675.11	3082.04	0.0	-	-	0.0	-	100	-
HIV1.cut.id_MF373142.1	402.81	48.71	337.55	3001.42	0.0	-	-	0.0	-	100	-
HIV1.cut.id_MF373143.1	0.0	411.61	1471.54	5450.2	29.59	-	-	0.0	-	100	-
HIV1.cut.id_MF373144.1	47.31	0.0	212.43	1646.39	-	-	-	-	-	100	-
HIV1.cut.id_MF373145.1	0.0	0.0	1049.94	2886.81	0.0	-	-	0.0	-	100	-
HIV1.cut.id_MF373146.1	0.0	0.0	976.5	3193.53	887.81	-	-	-	-	100	-
HIV1.cut.id_MF373147.1	628.71	3006.08	1410.31	4777.69	0.0	-	-	540.54	-	100	-
HIV1.cut.id_MF373148.1	0.0	328.95	496.17	3991.57	77.35	-	-	2551.02	-	100	-
HIV1.cut.id_MF373149.1	0.0	589.1	1650.37	5881.25	0.0	-	-	-	-	100	-
HIV1.cut.id_MF373150.1	165.84	0.0	865.8	4183.51	152.11	-	-	-	-	100	-
HIV1.cut.id_MF373151.1	126.8	0.0	2038.55	2088.07	0.0	-	-	0.0	-	100	-
HIV1.cut.id_MF373152.1	0.0	195.79	1210.12	3935.08	0.0	-	-	0.0	-	100	-
HIV1.cut.id_MF373153.1	3330.82	95.79	-	3899.72	990.99	-	-	-	-	100	-
HIV1.cut.id_MF373154.1	81.24	1817.0	2200.14	9426.66	99.21	-	-	-	-	100	-
HIV1.cut.id_MF373155.1	0.0	18.56	1692.55	3681.91	288.1	-	-	0.0	-	100	-
HIV1.cut.id_MF373156.1	0.0	3442.1	3630.36	3940.53	-	-	-	-	-	100	-
HIV1.cut.id_MF373157.1	0.0	18.89	2409.15	1378.79	132.86	-	-	0.0	-	100	-
HIV1.cut.id_MF373158.1	605.64	0.0	72.57	3031.9	0.0	-	-	-	-	100	-
HIV1.cut.id_MF373159.1	428.84	136.43	5882.35	0.0	164.58	-	-	0.0	-	100	-
HIV1.cut.id_MF373160.1	108.9	481.78	710.73	2742.98	-	-	-	0.0	-	100	-
HIV1.cut.id_MF373161.1	2431.4	23.96	1378.04	1396.56	0.0	-	-	-	-	100	-
HIV1.cut.id_MF373162.1	0.0	0.0	-	1458.87	0.0	-	-	0.0	-	100	-
HIV1.cut.id_MF373163.1	0.0	19.47	796.4	3632.18	0.0	-	0.0	0.0	-	100	-
HIV1.cut.id_MF373164.1	69.48	535.5	2450.59	4955.12	740.74	-	-	0.0	-	100	-
HIV1.cut.id_MF373165.1	0.0	3386.95	596.18	3765.82	301.85	-	-	2172.34	-	100	-
HIV1.cut.id_MF373166.1	0.0	79.22	2409.64	2166.95	1120.77	-	-	-	-	100	-
HIV1.cut.id_MF373167.1	0.0	0.0	1369.86	3327.97	314.04	-	-	1016.26	-	100	-
HIV1.cut.id_MF373168.1	412.09	1722.57	1646.54	2783.61	333.43	-	-	233.58	-	100	-
HIV1.cut.id_MF373169.1	0.0	0.0	324.11	3692.79	31.77	-	-	0.0	-	100	-
HIV1.cut.id_MF373170.1	0.0	86.71	209.7	3023.12	0.0	-	-	583.09	-	100	-
HIV1.cut.id_MF373171.1	828.73	0.0	422.96	3867.31	0.0	-	-	0.0	-	100	-
HIV1.cut.id_MF373172.1	358.92	74.57	-	7622.09	195.82	-	-	-	-	100	-
HIV1.cut.id_MF373173.1	512.64	364.37	443.7	2651.36	165.63	-	-	4687.5	-	100	-
HIV1.cut.id_MF373174.1	1435.46	350.67	1080.59	1847.06	0.0	-	-	0.0	-	100	-
HIV1.cut.id_MF373175.1	0.0	1301.93	2074.14	1503.76	503.21	-	-	56.24	-	100	-
HIV1.cut.id_MF373176.1	0.0	0.0	-	4192.55	-	-	-	-	-	100	-
HIV1.cut.id_MF373177.1	802.51	227.39	3291.71	4492.98	-	-	-	-	-	100	-
HIV1.cut.id_MF373178.1	293.32	1774.19	312.26	2040.82	-	-	-	-	-	100	-
HIV1.cut.id_MF373179.1	0.0	626.54	0.0	8681.18	0.0	-	-	1649.86	-	100	-
HIV1.cut.id_MF373180.1	0.0	429.11	2969.27	3939.15	0.0	-	-	0.0	-	100	-
HIV1.cut.id_MF373181.1	1035.49	46.94	1383.71	1394.73	241.3	-	-	0.0	-	100	-
HIV1.cut.id_MF373182.1	0.0	36.23	1221.74	3520.63	26.2	-	703.4	0.0	-	100	-
HIV1.cut.id_MF373183.1	2150.91	0.0	835.65	354.37	496.18	-	5000.0	0.0	-	100	-
HIV1.cut.id_MF373184.1	1829.34	0.0	3538.93	1506.71	-	-	-	3016.59	-	100	-
HIV1.cut.id_MF373185.1	454.75	1382.29	295.64	5499.68	84.77	-	-	-	-	100	-
HIV1.cut.id_MF373186.1	1147.56	102.9	1063.83	815.22	-	-	-	-	-	100	-
HIV1.cut.id_MF373187.1	0.0	271.32	0.0	1737.4	0.0	-	-	0.0	-	100	-
HIV1.cut.id_MF373188.1	0.0	0.0	885.92	2466.92	245.4	-	-	210.79	-	100	-
HIV1.cut.id_MF373189.1	569.3	55.31	1124.7	257.73	364.7	-	-	-	-	100	-
HIV1.cut.id_MF373190.1	1891.07	-	399.77	3691.0	481.73	-	-	1395.16	-	100	-
HIV1.cut.id_MF373191.1	0.0	1025.5	1568.47	3600.18	0.0	-	-	0.0	-	100	-
HIV1.cut.id_MF373192.1	0.0	310.26	3238.18	1082.18	1318.78	-	-	-	-	100	-
HIV1.cut.id_MF373193.1	0.0	0.0	287.77	2696.59	802.06	-	-	-	-	100	-
HIV1.cut.id_MF373194.1	283.64	547.95	2053.04	2672.41	846.56	-	-	-	-	100	-
HIV1.cut.id_MF373195.1	0.0	3732.98	2085.25	2334.15	-	-	-	0.0	-	100	-
HIV1.cut.id_MF373196.1	5010.27	1877.72	1175.41	2829.81	0.0	-	-	702.58	-	100	-
HIV1.cut.id_MF373197.1	0.0	59.21	870.2	2286.0	1104.1	-	-	-	-	100	-
HIV1.cut.id_MF373198.1	0.0	0.0	1653.18	2201.8	0.0	-	-	0.0	-	100	-
HIV1.cut.id_MF373199.1	0.0	136.59	-	1906.41	0.0	-	-	0.0	-	100	-
HIV1.cut.id_MF373200.1	1955.4	0.0	1344.34	5169.11	67.17	-	-	947.37	-	100	-
HIV1.cut.id_MF373201.1	0.0	0.0	-	3272.55	0.0	-	-	-	-	100	-
HIV1.cut.id_MF373202.1	0.0	1684.98	1748.72	9263.96	112.59	-	-	-	-	100	-
HIV1.cut.id_MF373203.1	722.48	306.53	-	5739.13	-	-	-	2531.65	-	100	-
HIV1.cut.id_MF373204.1	1154.29	29.13	205.9	6563.83	336.28	-	-	1140.35	-	100	-
HIV1.cut.id_MF373205.1	0.0	2683.54	2799.81	1177.45	0.0	-	-	0.0	-	100	-
HIV1.cut.id_MF373206.1	0.0	1331.93	1554.4	2162.29	218.9	-	3495.15	0.0	-	100	-
HIV1.cut.id_MF373389.1	0.0	43.72	483.8	3396.31	135.59	-	-	0.0	-	100	-
HIV1.cut.id_MF379808.1	5869.57	0.0	897.01	1501.98	0.0	-	-	-	-	100	-
HIV1.cut.id_U12055.1	1433.83	-	4166.67	5252.79	-	-	-	-	-	100	-
HIV1.cut.id_U21135.1	90.94	-	2177.42	3061.66	-	-	3422.05	-	-	100	-
HIV1.cut.id_U23487.1	21.9	0.0	3322.66	2754.73	0.0	-	-	-	-	100	-
HIV1.cut.id_U26546.1	3534.81	89.85	-	297.18	-	-	-	-	-	100	-
HIV1.cut.id_U26942.1	2180.5	-	-	4716.98	-	-	-	-	-	100	-
HIV1.cut.id_U34603.1	1510.22	0.0	4247.1	4265.84	-	-	-	-	-	100	-
HIV1.cut.id_U34604.1	282.49	-	-	4507.51	-	-	-	-	-	100	-
HIV1.cut.id_U37270.1	136.99	3249.25	-	4083.27	96.81	-	-	-	-	100	-
HIV1.cut.id_U39362.2	0.0	3002.65	2134.65	4761.9	-	-	-	-	-	100	-
HIV1.cut.id_U43096.1	1578.17	2072.97	-	1768.17	-	-	-	-	-	100	-
HIV1.cut.id_U43141.1	0.0	429.08	2678.57	5573.99	-	-	-	-	-	100	-
HIV1.cut.id_U46016.1	0.0	630.14	853.97	1492.0	0.0	-	-	2238.31	-	100	-
HIV1.cut.id_U51188.1	865.05	0.0	1497.65	3967.41	-	-	-	-	-	100	-
HIV1.cut.id_U51189.1	1550.92	0.0	-	3766.48	-	-	-	-	-	100	-
HIV1.cut.id_U51190.1	1999.09	-	799.2	6451.61	-	-	-	202.98	-	100	-
HIV1.cut.id_U52953.1	948.77	74.16	-	1769.17	-	-	-	-	-	100	-
HIV1.cut.id_U54771.1	3310.57	3824.63	3639.85	4496.36	-	-	-	-	-	100	-
HIV1.cut.id_U63632.1	862.72	0.0	-	4079.18	-	-	4401.81	4247.1	-	100	-
HIV1.cut.id_U69584.1	643.92	3735.33	-	3200.57	-	-	-	-	-	100	-
HIV1.cut.id_U69585.1	2116.5	-	-	16859.24	-	-	-	-	-	100	-
HIV1.cut.id_U69586.1	1935.4	-	4416.4	7986.63	-	-	-	-	-	100	-
HIV1.cut.id_U69587.1	875.04	-	-	6483.57	-	-	4628.1	-	-	100	-
HIV1.cut.id_U69588.1	4690.73	-	-	4051.86	-	-	-	-	-	100	-
HIV1.cut.id_U69589.1	535.4	4416.4	-	5173.88	-	-	-	-	-	100	-
HIV1.cut.id_U69590.1	108.19	-	-	-	-	-	-	-	-	100	-
HIV1.cut.id_U69591.1	686.46	-	-	5483.03	-	-	-	-	-	100	-
HIV1.cut.id_U69592.1	-	-	-	4340.96	-	-	-	-	-	100	-
HIV1.cut.id_U69593.1	0.0	-	-	-	-	-	-	-	-	100	-
HIV1.cut.id_U71182.1	1069.31	-	-	3235.55	-	-	-	-	-	100	-
HIV1.cut.id_U86780.1	1523.92	644.36	333.1	2078.06	262.41	-	-	0.0	-	100	-
HIV1.cut.id_U88822.1	0.0	0.0	221.73	3622.74	0.0	-	-	-	-	100	-
HIV1.cut.id_U88823.1	0.0	144.48	634.01	6288.97	107.04	-	-	0.0	-	100	-
HIV1.cut.id_U88824.1	89.37	552.09	1014.91	2905.95	219.78	-	-	1226.99	-	100	-
HIV1.cut.id_U88825.1	2911.0	0.0	763.36	4101.6	212.16	-	-	209.97	-	100	-
HIV1.cut.id_U88826.1	0.0	0.0	886.92	2784.38	176.18	-	-	176.78	-	100	-
HIV1.cut.id_X01762.1	984.37	-	-	-	-	-	-	-	-	100	-
HIV1.cut.id_X04415.1	545.95	0.0	-	9110.57	1425.84	-	-	-	-	100	-
HIV1.cut.id_Z11530.1	162.0	-	-	4090.35	-	-	-	-	-	100	-
